1 216 
1 167 
1 0 
1 234 
1 36 
1 180 
2 33 169 
3 179 146 149 
3 65 43 151 
3 116 42 229 
5 296 237 147 292 270 
2 168 59 
4 54 172 76 247 
2 34 100 
2 108 183 
1 85 
1 275 
2 87 9 
3 41 90 240 
6 184 29 284 118 126 175 
5 164 82 23 66 123 
1 249 
2 99 257 
2 212 5 
2 110 106 
1 88 
1 75 
4 103 119 242 194 
3 80 131 97 
4 72 217 67 153 
3 4 35 69 
4 8 253 182 278 
2 7 297 
3 294 25 46 
4 148 209 114 186 
2 134 140 
3 162 39 145 
4 259 61 20 256 
4 159 170 201 52 
3 286 27 1 
2 246 231 
3 299 202 248 
2 203 31 
4 24 158 81 104 
3 133 32 163 
6 210 128 222 197 139 293 
4 62 121 55 173 
3 161 16 206 
4 127 283 291 71 
4 13 295 101 274 
5 260 96 53 102 83 
3 276 181 132 
1 136 
3 220 243 93 
3 92 117 12 
1 95 
2 58 142 
4 137 281 185 124 
1 290 
3 227 254 250 
4 193 160 112 77 
3 15 10 17 
3 218 244 265 
4 273 192 279 94 
2 150 289 
4 285 64 48 199 
4 225 241 111 45 
4 107 3 195 51 
5 74 207 287 141 165 
5 144 230 268 238 228 
4 56 50 223 135 
4 105 239 26 30 
5 18 271 269 98 262 
2 171 122 
2 187 14 
3 263 205 208 
3 38 28 138 
4 63 282 154 143 
3 125 236 233 
3 156 22 264 
4 261 40 11 255 
3 60 176 130 
4 200 204 73 152 
4 57 174 6 251 
3 19 70 49 
5 198 191 109 47 84 
3 213 298 280 
3 267 277 37 
4 44 177 215 2 
4 129 78 155 189 
4 79 188 219 178 
2 245 214 
4 226 68 235 211 
3 21 258 288 
4 113 86 190 115 
3 224 89 272 
3 91 196 252 
2 232 266 
3 166 157 120 
1 221 
