116 0 1232 1351 1386 1432 1464 1709 1714 1775 1834 1926 1987 2194 2235 2288 2315 2407 2509 2574 2683 2785 2790 2886 3012 3051 3105 3138 3206 3283 3372 3419 3467 3526 3579 3602 3698 3770 3818 3887 3940 4034 4062 4127 4249 4373 4405 4524 4576 4605 4643 4732 4789 4853 4954 5077 5107 5141 5247 5308 5332 5351 5492 5616 5774 5876 6001 6060 6145 6212 6297 6349 6436 6487 6667 6814 6873 6901 6942 7027 7126 7240 7275 7380 7445 7626 7699 7832 7857 7910 8021 8174 8194 8250 8322 8431 8516 8595 8671 8800 8844 8881 8949 8996 9074 9221 9283 9312 9369 9454 9595 9629 9687 9761 9806 9887 9980 
122 1 882 977 1031 1091 1127 1205 1333 1403 1477 1593 1630 1731 1886 1936 2060 2234 2300 2396 2427 2446 2562 2621 2671 2728 2776 2851 2961 3042 3139 3214 3347 3421 3528 3585 3638 3788 3903 3982 4052 4171 4284 4371 4483 4583 4656 4733 4815 4872 4908 4965 5010 5116 5183 5255 5339 5462 5498 5513 5569 5590 5703 5758 5783 5826 5906 5933 5949 6059 6076 6210 6271 6386 6426 6480 6597 6692 6742 6778 6862 6916 7025 7076 7176 7188 7242 7298 7349 7446 7592 7617 7729 7812 7895 7936 7996 8038 8075 8195 8271 8353 8408 8523 8635 8675 8724 8773 8871 8980 9008 9157 9202 9338 9428 9582 9597 9689 9722 9773 9802 9924 9987 
116 2 254 308 425 475 527 594 719 793 857 937 1019 1051 1124 1251 1300 1387 1533 1578 1682 1811 1877 1999 2052 2153 2292 2379 2458 2476 2483 2547 2633 2677 2742 2750 2823 2861 2985 3090 3180 3238 3281 3318 3387 3599 3668 3753 3877 3962 3997 4092 4181 4239 4437 4488 4533 4635 4705 4722 4907 4932 5060 5101 5151 5214 5323 5378 5519 5592 5668 5674 5709 5823 5961 6049 6113 6132 6238 6294 6347 6394 6632 6797 6964 7110 7234 7289 7425 7480 7656 7800 7994 8012 8119 8293 8314 8397 8479 8529 8596 8638 8770 8793 8912 8935 8973 9075 9183 9327 9374 9586 9669 9772 9803 9895 9991 
128 3 423 464 550 559 597 772 801 956 1036 1065 1095 1188 1200 1299 1419 1479 1594 1699 1735 1743 1843 1921 2014 2046 2121 2240 2321 2398 2508 2543 2655 2665 2804 2935 3002 3120 3155 3224 3337 3381 3417 3462 3568 3664 3687 3866 3951 3994 4149 4254 4388 4481 4557 4645 4679 4806 4847 4930 4942 4974 5008 5046 5119 5235 5320 5435 5520 5646 5724 5808 5834 5923 5957 5970 6080 6134 6266 6342 6422 6532 6550 6589 6651 6681 6729 6780 6858 6921 7019 7080 7146 7201 7312 7352 7361 7417 7438 7554 7572 7754 7789 7903 8036 8049 8204 8296 8334 8390 8491 8579 8689 8710 8806 8971 9040 9132 9185 9267 9310 9394 9484 9562 9626 9721 9725 9753 9847 
118 4 240 295 309 415 471 591 612 686 702 809 898 931 1088 1193 1292 1376 1412 1466 1620 1683 1809 1862 1875 1976 2016 2088 2118 2163 2311 2422 2480 2546 2705 2845 2957 3026 3085 3168 3235 3280 3306 3374 3464 3516 3617 3640 3703 3764 3957 4064 4146 4221 4313 4344 4426 4446 4510 4613 4674 4771 4787 4913 5014 5040 5177 5296 5330 5370 5538 5620 5802 5872 5894 5944 6044 6189 6296 6336 6402 6482 6628 6718 6837 6891 6908 6954 7115 7232 7350 7427 7510 7512 7704 7760 7919 7956 8087 8110 8252 8319 8483 8565 8655 8718 8776 8824 8960 9037 9173 9403 9413 9534 9584 9730 9800 9858 9904 
121 5 357 398 467 523 557 680 744 824 932 978 1017 1121 1139 1218 1332 1397 1515 1535 1563 1660 1789 1849 1914 2006 2039 2287 2442 2527 2565 2616 2729 2842 3017 3109 3246 3288 3392 3450 3513 3552 3644 3754 3791 3904 3978 4061 4139 4151 4288 4350 4508 4612 4680 4745 4796 4860 4927 4968 4983 5030 5071 5155 5256 5388 5535 5544 5625 5694 5713 5767 5820 5880 5994 6133 6247 6291 6395 6477 6592 6647 6728 6768 6816 6868 7045 7089 7111 7195 7213 7259 7313 7416 7573 7589 7725 7818 7916 8133 8285 8374 8434 8478 8525 8612 8757 8819 8893 8953 8999 9042 9078 9175 9186 9229 9346 9449 9600 9676 9840 9930 
112 6 214 282 395 489 567 637 678 751 983 1132 1270 1327 1359 1462 1471 1668 1871 1925 1944 2025 2155 2283 2380 2419 2555 2642 2747 2857 2949 3014 3082 3261 3272 3326 3370 3389 3439 3480 3520 3576 3628 3734 3838 3881 3985 4031 4091 4164 4218 4247 4291 4356 4460 4574 4648 4739 4961 4976 5022 5163 5210 5237 5286 5350 5428 5454 5618 5763 6009 6125 6270 6411 6454 6564 6617 6734 6829 6853 6970 7039 7055 7100 7244 7365 7406 7491 7562 7627 7756 7817 7922 8043 8138 8240 8311 8349 8403 8499 8644 8802 8850 8958 9119 9171 9278 9376 9521 9712 9856 9869 9965 
116 7 291 454 480 576 616 654 731 807 892 958 1055 1202 1340 1366 1491 1560 1707 1827 1977 2026 2203 2350 2430 2511 2564 2628 2699 2780 2913 2974 2982 3142 3218 3277 3400 3446 3527 3624 3776 3826 4007 4076 4154 4222 4301 4575 4602 4684 4758 4810 4928 4989 5085 5147 5217 5282 5344 5423 5453 5480 5549 5573 5604 5664 5747 5831 5967 6011 6046 6067 6161 6176 6187 6230 6298 6314 6408 6678 6777 6825 6919 7058 7128 7334 7358 7483 7575 7721 7763 7952 8025 8054 8117 8173 8191 8244 8299 8486 8543 8662 8751 8913 8970 9094 9246 9288 9372 9424 9490 9556 9577 9610 9782 9889 9948 
123 8 249 409 481 572 648 690 755 796 815 872 942 1050 1135 1198 1285 1318 1436 1566 1616 1677 1821 1840 1865 1933 2029 2160 2232 2327 2455 2500 2587 2681 2789 2834 2905 2971 3076 3167 3296 3378 3546 3660 3710 3760 3831 3886 3920 3934 4097 4203 4352 4424 4571 4622 4737 4788 4919 5150 5252 5357 5496 5532 5588 5722 5746 5806 5952 5990 6002 6074 6081 6198 6292 6357 6414 6450 6479 6542 6637 6713 6803 6820 6922 6994 7081 7245 7336 7410 7538 7606 7694 7787 7835 7864 7990 8024 8081 8142 8234 8346 8409 8515 8580 8640 8658 8738 8817 8883 8991 9055 9120 9191 9266 9297 9358 9450 9542 9652 9710 9804 9916 9972 
115 9 213 279 379 524 590 667 745 862 903 1008 1146 1214 1321 1452 1496 1601 1696 1792 1858 1980 2055 2069 2107 2156 2218 2307 2534 2612 2673 2745 2825 2872 2980 3122 3210 3290 3435 3515 3634 3671 3724 3784 3836 3878 3914 3991 4119 4133 4298 4370 4425 4526 4667 4761 4834 4918 5134 5144 5167 5208 5264 5307 5338 5385 5485 5692 5795 5934 6103 6158 6259 6360 6389 6461 6478 6504 6571 6677 6702 6745 6779 6859 6979 7106 7180 7239 7297 7642 7669 7732 7827 8017 8131 8197 8290 8324 8375 8399 8501 8563 8648 8792 8803 8828 8894 9036 9110 9320 9357 9538 9642 9738 9799 9855 
133 10 303 408 507 623 734 774 838 889 992 1062 1207 1291 1338 1445 1513 1537 1573 1602 1639 1673 1794 1804 1939 2010 2131 2187 2238 2249 2371 2558 2602 2763 2835 2888 2955 2993 3063 3204 3274 3368 3434 3454 3533 3588 3657 3693 3792 3820 3894 4026 4086 4153 4236 4266 4392 4490 4592 4607 4754 4828 4889 4940 5003 5036 5143 5196 5273 5304 5389 5542 5579 5587 5613 5639 5680 5721 5785 5937 6021 6083 6151 6211 6255 6374 6437 6531 6588 6694 6852 6883 6962 6998 7069 7237 7408 7462 7582 7660 7767 7813 7866 7891 7977 8062 8124 8192 8237 8270 8333 8384 8475 8531 8690 8838 8863 8902 8946 9056 9067 9192 9206 9326 9375 9429 9444 9456 9480 9579 9688 9792 9877 9976 
125 11 218 333 421 478 504 631 699 950 989 1009 1060 1106 1155 1237 1301 1354 1404 1589 1693 1736 1912 2045 2099 2146 2231 2291 2368 2421 2501 2548 2603 2645 2740 2768 2909 2986 3005 3024 3101 3140 3297 3308 3340 3384 3447 3570 3619 3744 3853 3941 4039 4106 4142 4215 4233 4329 4466 4520 4610 4800 4850 4931 4987 5029 5048 5093 5185 5251 5360 5425 5483 5591 5600 5822 5903 5907 5969 6038 6054 6175 6343 6388 6442 6526 6585 6626 6790 6898 7018 7133 7306 7442 7450 7566 7603 7693 7840 7871 7940 8051 8111 8134 8155 8328 8471 8557 8732 8841 8907 9016 9088 9153 9227 9292 9350 9364 9440 9467 9598 9646 9726 9832 9849 9913 
123 12 242 253 297 334 368 400 487 552 626 675 762 858 986 1122 1235 1357 1418 1548 1607 1727 1829 1901 2058 2147 2269 2366 2445 2507 2544 2596 2630 2690 2759 2870 2915 2945 3027 3077 3192 3255 3371 3410 3572 3629 3665 3775 3813 3854 3918 3992 4035 4123 4189 4262 4337 4366 4457 4476 4567 4712 4760 5034 5069 5171 5231 5310 5415 5546 5589 5701 5800 5899 5959 6047 6152 6204 6219 6282 6325 6467 6530 6546 6602 6655 6845 6943 7016 7124 7243 7294 7411 7448 7570 7613 7684 7745 8003 8215 8263 8298 8337 8460 8466 8593 8605 8681 8685 8774 9092 9188 9262 9296 9306 9349 9401 9439 9486 9578 9675 9743 9819 9894 
136 13 205 226 337 353 469 620 647 681 749 877 909 944 1010 1092 1173 1230 1341 1395 1439 1539 1558 1610 1759 1919 1940 1984 2005 2126 2178 2192 2243 2352 2384 2482 2572 2615 2697 2772 2796 2901 2979 2994 3096 3123 3198 3358 3405 3416 3468 3524 3555 3706 3787 3827 3870 3930 4042 4173 4261 4287 4454 4467 4527 4585 4627 4677 4747 4811 4959 5023 5135 5201 5367 5475 5536 5633 5761 5852 5966 6000 6030 6048 6098 6206 6258 6341 6365 6464 6624 6727 6785 6899 6977 7046 7074 7086 7177 7315 7387 7454 7508 7517 7556 7708 7798 7833 7859 7973 8086 8118 8156 8253 8295 8378 8450 8555 8606 8680 8777 8791 8865 8978 9135 9230 9313 9340 9459 9529 9611 9678 9786 9820 9846 9885 9927 
113 14 339 435 455 488 628 700 735 792 929 946 1118 1195 1275 1380 1443 1538 1592 1681 1839 1975 2074 2184 2263 2389 2497 2767 2821 2893 2992 3098 3179 3284 3353 3424 3481 3517 3567 3683 3845 3972 4013 4122 4185 4257 4290 4382 4470 4501 4634 4778 4821 4882 4955 4985 5067 5081 5115 5174 5298 5395 5482 5495 5577 5699 5793 5842 5900 6017 6064 6194 6315 6376 6456 6519 6644 6723 6876 6947 6995 7154 7249 7403 7529 7680 7740 7854 7917 7982 8077 8113 8220 8413 8571 8627 8783 8869 8943 9010 9146 9244 9305 9382 9432 9471 9571 9606 9697 9723 9830 9848 9902 9978 
116 15 230 301 363 428 528 621 663 849 981 1030 1096 1199 1271 1424 1599 1692 1889 1934 2053 2078 2208 2319 2434 2523 2614 2720 2755 2836 2874 2918 2959 3007 3016 3081 3165 3291 3342 3408 3531 3605 3731 3817 3864 4004 4085 4166 4258 4372 4479 4707 4728 4914 5004 5015 5136 5253 5322 5434 5521 5597 5630 5676 5711 5773 5968 6221 6252 6332 6533 6607 6693 6812 6870 6909 6938 7028 7125 7209 7248 7328 7436 7489 7549 7577 7679 7720 7727 7793 7849 7896 7938 7970 8072 8200 8300 8452 8469 8570 8597 8667 8779 8868 9005 9064 9145 9239 9303 9361 9526 9635 9666 9739 9805 9851 9912 
124 16 246 292 351 382 483 641 682 789 839 954 1056 1225 1282 1364 1442 1498 1577 1758 1859 1930 1945 2013 2094 2124 2204 2361 2424 2464 2525 2629 2734 2774 2879 2932 2975 3034 3067 3119 3287 3396 3442 3573 3689 3763 3783 3865 3971 4082 4193 4255 4308 4347 4413 4523 4580 4698 4825 4904 5009 5111 5181 5233 5363 5543 5582 5691 5792 5824 5924 5946 6022 6077 6144 6278 6353 6440 6472 6529 6643 6684 6706 6856 6879 7026 7101 7136 7165 7321 7433 7536 7653 7701 7841 7962 7980 8059 8137 8190 8241 8335 8435 8477 8487 8567 8715 8833 8898 8989 9001 9031 9093 9168 9236 9258 9356 9504 9517 9604 9639 9778 9833 9901 9951 
112 17 298 453 533 581 632 666 754 904 1014 1083 1170 1306 1378 1446 1547 1562 1667 1730 1774 1831 1985 2034 2127 2195 2254 2313 2397 2472 2517 2669 2761 2906 3003 3178 3205 3289 3412 3618 3722 3742 3829 3937 4048 4117 4195 4309 4346 4480 4593 4683 4755 4832 4921 5025 5095 5229 5376 5450 5489 5547 5581 5688 5764 5814 5867 5938 5996 6071 6226 6302 6453 6566 6575 6640 6764 6806 6867 6961 7035 7222 7374 7424 7473 7543 7579 7658 7716 7753 7775 7850 7884 7953 8116 8175 8354 8416 8551 8659 8812 9096 9123 9213 9331 9405 9525 9563 9621 9717 9756 9867 9983 
129 18 180 284 389 420 492 646 670 826 860 873 916 970 1113 1258 1371 1435 1553 1701 1748 1836 1866 1982 2030 2162 2244 2302 2337 2360 2462 2566 2652 2739 2830 2900 2991 3162 3181 3223 3300 3409 3472 3512 3560 3639 3700 3869 3967 3993 4033 4202 4353 4411 4447 4561 4633 4657 4689 4779 4895 4949 4992 5045 5055 5091 5153 5199 5240 5260 5409 5443 5562 5586 5706 5788 5892 5983 6052 6168 6200 6265 6350 6429 6507 6557 6608 6725 6760 6781 6911 6975 7040 7098 7173 7233 7270 7303 7329 7546 7555 7630 7769 7844 7877 7951 8030 8169 8223 8275 8391 8480 8526 8694 8734 8796 8861 8932 9007 9076 9098 9257 9315 9381 9491 9581 9711 9813 9897 9942 
121 19 211 257 320 443 544 653 763 915 971 1053 1211 1236 1399 1529 1581 1621 1684 1900 1972 2036 2064 2116 2170 2281 2346 2401 2493 2617 2707 2871 2948 3072 3207 3262 3382 3448 3459 3556 3611 3633 3699 3755 3790 3868 3898 3959 4024 4135 4188 4275 4362 4453 4509 4550 4621 4692 4781 4861 4902 4944 4977 5013 5182 5300 5386 5446 5474 5627 5700 5770 5902 5993 6062 6100 6190 6304 6363 6455 6494 6548 6576 6660 6786 6821 6881 6969 7077 7129 7217 7247 7264 7363 7476 7595 7731 7758 7808 7851 7929 8082 8149 8193 8297 8420 8441 8473 8588 8601 8704 8852 9028 9194 9383 9476 9546 9628 9658 9732 9870 9938 
120 20 300 424 465 525 573 645 660 727 835 1005 1039 1128 1210 1296 1370 1461 1487 1606 1680 1705 1824 1878 1961 1970 2132 2221 2353 2388 2451 2513 2604 2692 2847 2897 3011 3066 3154 3299 3349 3452 3543 3594 3656 3824 3946 3975 3990 4081 4096 4226 4409 4475 4503 4549 4600 4660 4721 4838 4855 5108 5274 5346 5500 5658 5685 5810 5870 5891 5915 6053 6116 6160 6229 6293 6382 6574 6657 6732 6782 6864 6966 7023 7085 7117 7198 7332 7422 7466 7585 7636 7752 7811 8002 8095 8208 8260 8456 8630 8705 8708 8748 8790 8856 8962 9049 9142 9208 9245 9271 9316 9402 9522 9531 9569 9608 9703 9789 9918 9960 
124 21 87 118 151 162 232 264 317 354 405 438 530 615 804 878 1003 1044 1066 1201 1246 1362 1518 1559 1689 1725 1763 1803 1916 1947 2019 2117 2188 2284 2395 2531 2578 2723 2856 2930 2958 3060 3163 3310 3394 3502 3598 3692 3726 3909 3936 4002 4101 4205 4311 4448 4542 4702 4750 4865 4924 4997 5126 5222 5278 5329 5394 5440 5511 5686 5775 5804 5849 5976 6096 6141 6220 6274 6340 6396 6449 6524 6572 6620 6724 6810 6872 6952 7105 7261 7273 7299 7322 7400 7451 7586 7644 7668 7681 7822 7932 7988 8078 8126 8212 8269 8414 8541 8578 8646 8701 8722 8867 9048 9126 9210 9319 9411 9436 9492 9622 9728 9816 9866 9985 
115 22 204 259 376 458 477 600 703 868 925 1021 1090 1136 1164 1223 1297 1342 1454 1514 1590 1661 1776 1856 1948 1963 2148 2179 2299 2415 2469 2649 2828 2867 2937 2987 3125 3189 3365 3484 3503 3592 3661 3779 3810 3872 3984 4170 4219 4304 4391 4461 4493 4609 4642 4814 4916 5097 5312 5383 5410 5484 5558 5653 5733 5815 5856 5897 6112 6148 6222 6287 6421 6457 6523 6573 6623 6676 6765 6807 6923 7048 7099 7241 7388 7492 7565 7675 7726 7791 7863 7876 7959 8091 8233 8348 8429 8536 8643 8697 8743 8786 8840 8895 8983 9020 9114 9225 9242 9291 9378 9515 9564 9638 9719 9835 
123 23 138 172 190 236 332 414 510 640 834 997 1016 1068 1176 1261 1311 1414 1431 1524 1678 1724 1761 1797 1874 1932 1942 1993 2004 2082 2175 2297 2400 2409 2568 2708 2794 2895 2990 3057 3117 3183 3354 3398 3510 3559 3786 3927 4019 4049 4099 4196 4283 4336 4407 4532 4595 4767 4848 4999 5080 5157 5219 5316 5391 5517 5655 5677 5732 5821 5847 5986 6153 6254 6277 6338 6405 6506 6584 6646 6752 6770 6927 6967 7037 7137 7192 7392 7470 7501 7578 7647 7713 7761 7826 7901 7933 8032 8098 8161 8272 8358 8421 8498 8624 8679 8703 8784 8848 8899 8961 9038 9130 9166 9224 9389 9478 9566 9671 9767 9790 9874 9903 9996 
128 24 341 417 588 617 704 742 769 811 833 887 967 969 1100 1190 1224 1377 1485 1588 1633 1749 1788 1893 1986 2022 2123 2173 2236 2295 2351 2449 2567 2606 2632 2733 2807 2925 3061 3164 3259 3314 3367 3495 3601 3654 3713 3771 3830 3901 3929 3981 4074 4134 4172 4243 4385 4432 4522 4608 4624 4647 4675 4803 4903 5001 5145 5227 5280 5356 5379 5405 5550 5638 5708 5780 5925 5960 6020 6119 6179 6269 6368 6463 6545 6645 6690 6715 6813 6897 6941 7000 7009 7116 7191 7274 7401 7456 7588 7629 7705 7774 7788 7867 7885 8035 8057 8171 8289 8315 8363 8472 8509 8552 8647 8782 8890 8993 9060 9215 9250 9367 9384 9514 9599 9661 9758 9797 9915 
120 25 176 196 229 260 305 450 564 595 697 741 803 820 890 996 1076 1180 1233 1396 1429 1478 1519 1569 1656 1767 1832 1917 2021 2079 2220 2227 2274 2347 2405 2447 2539 2756 2892 3104 3227 3286 3322 3470 3550 3696 3794 3902 3949 3979 4065 4180 4186 4227 4332 4380 4566 4658 4756 4831 4867 4960 4990 5123 5154 5289 5449 5534 5648 5725 5750 5818 5981 6075 6174 6327 6451 6501 6503 6586 6674 6763 6865 6953 6976 7120 7166 7302 7423 7560 7736 7814 7829 7888 8033 8103 8225 8262 8400 8493 8589 8590 8771 8826 8914 8940 9002 9053 9169 9181 9238 9277 9308 9377 9437 9583 9612 9690 9759 9842 9925 
119 26 108 146 189 256 319 444 541 603 627 692 844 951 1079 1186 1290 1294 1384 1425 1556 1649 1773 1915 2009 2024 2171 2257 2383 2437 2672 2693 2820 2978 3045 3089 3193 3273 3320 3376 3406 3581 3622 3739 3799 3885 4008 4175 4209 4294 4421 4472 4504 4558 4676 4727 4780 4923 4981 4996 5083 5156 5221 5281 5318 5369 5460 5553 5666 5762 5798 5989 6057 6110 6218 6289 6452 6552 6683 6776 6832 6981 7109 7157 7282 7301 7548 7602 7695 7781 7816 7954 8011 8066 8104 8129 8280 8345 8369 8432 8518 8598 8616 8756 8896 9080 9144 9223 9284 9314 9415 9470 9524 9558 9714 9736 9750 9771 9823 9920 
132 27 100 106 181 245 313 373 474 574 688 758 825 876 999 1075 1109 1167 1244 1331 1358 1361 1441 1567 1686 1785 1960 2128 2169 2230 2259 2343 2413 2486 2714 2910 2934 2972 3046 3093 3136 3191 3271 3473 3554 3662 3804 3822 3915 3989 4056 4129 4244 4318 4376 4469 4487 4541 4606 4632 4659 4777 4858 5089 5277 5340 5398 5436 5593 5622 5675 5769 5873 5936 5984 6045 6118 6180 6279 6420 6553 6627 6783 6828 6886 7004 7155 7253 7293 7458 7475 7505 7537 7620 7667 7710 7831 7853 7950 7974 8053 8115 8165 8228 8268 8313 8371 8445 8495 8513 8572 8623 8742 8862 8944 9022 9108 9165 9235 9273 9324 9360 9399 9561 9609 9663 9686 9698 9751 9787 9815 9931 9981 
126 28 114 119 262 359 451 554 630 710 850 1027 1097 1134 1336 1402 1453 1526 1584 1674 1697 1770 1903 1924 2033 2056 2098 2174 2216 2312 2382 2521 2589 2666 2773 2849 3056 3146 3219 3275 3307 3366 3393 3458 3530 3682 3767 3834 3892 3899 4025 4159 4241 4299 4334 4343 4397 4410 4519 4637 4716 4794 4840 4958 5020 5127 5197 5275 5411 5518 5578 5689 5772 5805 5879 5919 5992 6023 6163 6246 6430 6514 6534 6561 6612 6664 6712 6796 6971 7061 7118 7134 7168 7277 7310 7364 7428 7485 7615 7686 7821 7882 7993 8141 8231 8239 8336 8476 8537 8611 8618 8763 8858 8965 9013 9032 9082 9134 9178 9289 9365 9508 9575 9707 9812 9883 9955 
122 29 139 191 224 285 393 426 439 494 546 618 644 714 836 910 1020 1078 1129 1203 1234 1372 1505 1636 1690 1813 1857 1968 2081 2157 2211 2241 2426 2554 2611 2698 2730 2805 2832 2962 2999 3088 3199 3251 3327 3441 3491 3561 3635 3743 3774 3850 4029 4058 4169 4231 4267 4401 4444 4556 4644 4730 4822 4863 4881 4911 5063 5118 5276 5368 5555 5601 5718 5734 5871 6039 6097 6115 6157 6328 6470 6547 6601 6747 6795 6863 6991 7142 7203 7309 7396 7472 7527 7542 7601 7618 7730 7772 7856 7913 8034 8076 8123 8144 8164 8226 8307 8464 8561 8664 8733 8760 8809 8994 9118 9198 9307 9396 9488 9540 9615 9896 9963 
114 30 128 171 202 238 327 418 514 655 720 787 895 980 1108 1159 1238 1320 1348 1390 1482 1586 1671 1751 1783 1891 1973 2054 2150 2183 2260 2393 2431 2563 2599 2625 2675 2748 2859 2951 3041 3111 3160 3220 3511 3544 3614 3655 3733 3815 3938 4040 4102 4208 4338 4431 4559 4649 4670 4710 4752 4877 4951 5016 5175 5334 5451 5576 5609 5634 5739 5828 5916 5940 6018 6036 6117 6202 6285 6383 6536 6587 6670 6759 6849 7049 7356 7452 7511 7552 7698 7770 7934 7998 8060 8092 8167 8249 8415 8465 8568 8615 8712 8798 8919 9021 9122 9337 9446 9500 9624 9640 9720 9817 9967 
128 31 271 290 356 401 442 498 519 609 799 894 998 1072 1249 1281 1388 1456 1554 1574 1640 1702 1779 1846 2003 2040 2068 2101 2191 2212 2286 2322 2481 2601 2650 2726 2822 2880 3023 3048 3124 3145 3250 3363 3423 3445 3476 3607 3707 3727 3805 3876 3943 4020 4063 4111 4118 4220 4351 4396 4484 4562 4687 4775 4894 5027 5076 5100 5207 5218 5291 5404 5456 5469 5497 5603 5611 5628 5893 5982 6008 6120 6140 6260 6306 6424 6581 6641 6733 6772 6801 6984 7059 7104 7143 7319 7394 7439 7506 7567 7714 7815 7894 7924 7972 8013 8068 8135 8214 8304 8309 8332 8426 8444 8512 8585 8651 8813 8990 9083 9137 9251 9268 9423 9539 9684 9777 9905 9966 
124 32 137 273 349 446 584 823 837 875 941 1052 1084 1126 1204 1257 1309 1411 1460 1521 1605 1629 1744 1899 2096 2130 2289 2329 2414 2506 2670 2853 2917 3033 3083 3234 3263 3334 3500 3540 3564 3631 3723 3756 3796 3855 3919 3960 4050 4131 4199 4248 4419 4471 4518 4614 4646 4695 4783 4786 4798 4869 4947 5017 5133 5169 5294 5377 5419 5491 5548 5654 5690 5740 5791 5837 5875 5913 5991 6055 6136 6281 6431 6583 6650 6703 6749 6799 6822 6913 7021 7044 7164 7189 7207 7305 7346 7429 7500 7609 7635 7768 7806 7906 8083 8202 8284 8411 8437 8546 8683 8741 8839 8905 8977 9084 9089 9207 9343 9441 9574 9620 9783 9911 9969 
119 33 96 174 209 231 348 434 460 535 593 770 866 1151 1273 1405 1507 1571 1654 1663 1762 1863 1923 1998 2075 2213 2278 2331 2505 2582 2595 2662 2700 2722 2810 2908 2989 3047 3215 3292 3377 3414 3478 3501 3643 3995 4059 4088 4114 4145 4358 4452 4494 4623 4795 4876 4926 5056 5109 5168 5190 5226 5345 5414 5464 5510 5595 5855 5922 5974 6005 6185 6261 6358 6371 6717 6771 6809 6838 6940 7047 7082 7107 7171 7265 7331 7390 7471 7531 7547 7718 7795 7860 7947 7986 8090 8140 8256 8395 8428 8560 8602 8631 8728 8801 8939 8998 9102 9197 9255 9317 9430 9435 9509 9572 9654 9680 9793 9892 9961 
125 34 117 156 266 322 362 485 548 592 629 712 767 852 1049 1115 1185 1266 1476 1655 1798 1860 1887 2018 2104 2108 2158 2223 2316 2344 2487 2530 2588 2687 2811 2882 2916 3000 3031 3110 3175 3185 3293 3346 3487 3536 3563 3612 3673 3712 3806 3879 3965 3974 4045 4237 4310 4400 4422 4590 4650 4719 4782 4824 4934 5005 5068 5166 5223 5265 5283 5327 5429 5554 5614 5696 5777 5928 6033 6155 6207 6262 6345 6425 6558 6599 6711 6794 6839 6920 6986 7066 7202 7286 7393 7434 7509 7625 7666 7799 7908 7920 7989 7992 8089 8157 8238 8277 8433 8603 8670 8707 8752 8794 8864 9012 9141 9187 9232 9353 9501 9576 9766 9834 9891 9956 
131 35 116 198 223 276 321 384 436 518 575 664 694 773 936 1001 1087 1308 1356 1433 1536 1613 1754 1838 1962 2007 2167 2200 2233 2309 2443 2549 2590 2659 2719 2732 2783 2824 2914 3006 3058 3131 3282 3375 3430 3488 3586 3759 3861 3911 4030 4098 4156 4182 4201 4250 4340 4450 4511 4598 4666 4726 4891 4991 5011 5032 5051 5099 5114 5189 5224 5279 5432 5459 5570 5585 5621 5669 5745 5752 5864 5941 5998 6037 6094 6127 6178 6199 6253 6313 6413 6509 6516 6618 6705 6874 7012 7153 7214 7258 7385 7474 7593 7737 7875 7995 8046 8147 8209 8279 8372 8482 8519 8584 8653 8695 8762 8854 8916 9057 9151 9179 9272 9329 9397 9532 9601 9647 9745 9779 9958 9997 
124 36 86 92 152 170 261 287 347 360 404 482 585 677 729 880 921 963 1040 1141 1172 1248 1295 1416 1551 1642 1720 1746 1902 1958 2011 2159 2285 2333 2429 2452 2516 2607 2701 2782 2943 2988 3086 3176 3239 3298 3360 3399 3431 3499 3663 3717 3795 3895 4005 4229 4374 4455 4560 4701 4736 4829 4884 4899 5084 5117 5192 5263 5361 5374 5457 5515 5606 5624 5801 5951 6091 6232 6284 6344 6438 6522 6615 6798 6808 6906 6974 7030 7088 7163 7236 7327 7376 7440 7481 7623 7637 7687 7757 7820 7918 7943 8006 8047 8121 8143 8242 8396 8533 8620 8682 8772 8851 8945 9054 9148 9254 9276 9421 9495 9530 9607 9810 9893 9986 
121 37 182 194 233 288 364 403 466 587 695 740 777 864 943 968 994 1047 1194 1302 1352 1393 1490 1646 1717 1742 1911 1922 2059 2105 2207 2370 2475 2542 2640 2689 2702 2775 2812 2878 2944 3091 3172 3256 3345 3493 3641 3705 3757 3852 4022 4115 4238 4306 4345 4414 4495 4570 4668 4720 4833 4925 5033 5162 5272 5479 5572 5619 5705 5809 5904 5958 6007 6087 6131 6208 6235 6263 6283 6310 6379 6403 6469 6595 6639 6698 6805 6860 6937 7017 7138 7281 7316 7378 7487 7533 7650 7743 7803 7926 8044 8146 8221 8439 8713 8755 8879 8910 9044 9072 9086 9182 9311 9390 9433 9464 9544 9682 9775 9843 9910 9992 
123 38 131 216 274 326 336 452 497 558 598 610 665 701 747 867 973 1043 1099 1149 1222 1328 1349 1400 1483 1579 1635 1657 1739 1833 1907 2057 2100 2129 2206 2303 2411 2545 2618 2718 2831 2940 3113 3152 3248 3315 3359 3432 3494 3615 3658 3867 3889 4079 4143 4210 4326 4394 4415 4449 4534 4553 4700 4792 4922 5049 5203 5325 5426 5526 5629 5681 5786 5829 5890 6066 6165 6305 6319 6330 6398 6513 6697 6762 6871 6912 7065 7127 7169 7318 7373 7430 7535 7628 7741 7847 7925 8112 8184 8207 8235 8362 8417 8504 8599 8735 8823 8984 9101 9133 9209 9259 9290 9333 9422 9468 9498 9553 9603 9657 9822 9880 9898 9947 
132 39 105 165 281 367 468 517 602 817 886 962 1034 1157 1177 1286 1350 1382 1470 1597 1647 1719 1796 1802 1861 1913 2012 2151 2229 2268 2306 2423 2619 2696 2762 2793 2876 2938 3018 3092 3153 3311 3537 3604 3679 3745 3769 3807 3856 3926 4077 4108 4174 4213 4268 4390 4418 4500 4581 4678 4738 4813 4888 4978 5096 5180 5303 5392 5447 5612 5651 5693 5726 5771 5861 6026 6073 6169 6295 6390 6498 6541 6577 6673 6739 6836 6924 6988 7097 7225 7296 7343 7418 7431 7467 7495 7571 7651 7746 7778 7802 7878 7923 8099 8180 8203 8310 8383 8446 8520 8539 8559 8637 8711 8780 8904 8966 9033 9131 9136 9205 9351 9398 9458 9533 9596 9664 9693 9765 9785 9868 9926 9952 
118 40 115 123 175 293 429 503 633 709 752 778 812 861 870 935 972 1011 1107 1163 1227 1322 1423 1501 1596 1726 1772 1807 1909 2102 2152 2217 2255 2340 2408 2466 2499 2570 2639 2760 2863 3055 3097 3237 3364 3433 3492 3649 3711 3922 3955 4028 4160 4312 4398 4443 4492 4530 4640 4757 4835 4886 4970 5026 5142 5242 5288 5362 5531 5637 5731 5744 5833 5955 6056 6143 6224 6334 6433 6468 6559 6638 6722 6769 6907 6935 7033 7113 7187 7271 7366 7453 7559 7676 7722 7886 7935 8106 8206 8282 8544 8661 8691 8714 8843 8967 9014 9167 9241 9323 9427 9479 9489 9503 9616 9668 9741 9878 9923 
118 41 187 299 366 412 506 570 674 730 802 918 1069 1168 1184 1242 1279 1363 1417 1489 1508 1618 1716 1771 1864 2050 2125 2140 2196 2247 2276 2372 2428 2494 2553 2656 2688 2800 2844 2954 3021 3062 3074 3106 3186 3355 3453 3542 3670 3729 3897 4015 4037 4120 4150 4260 4324 4438 4514 4636 4690 4809 4845 4939 5024 5092 5198 5290 5390 5470 5683 5816 5927 6061 6181 6183 6264 6335 6407 6543 6614 6710 6800 6878 6965 6999 7108 7132 7276 7326 7341 7381 7493 7610 7739 7839 7846 7978 8027 8125 8176 8265 8318 8488 8524 8610 8665 8753 8807 8888 9017 9073 9150 9247 9348 9475 9541 9747 9879 
124 42 125 311 369 472 607 684 791 845 913 979 1063 1152 1391 1474 1572 1700 1734 1805 1908 1950 2149 2215 2273 2386 2461 2515 2576 2679 2791 2898 2956 3103 3188 3269 3304 3407 3593 3603 3695 3732 3748 3833 3891 3969 4009 4043 4167 4296 4423 4536 4572 4653 4681 4734 4763 4893 4956 5066 5236 5245 5354 5407 5486 5508 5617 5737 5827 5877 5975 6035 6099 6209 6337 6471 6560 6613 6653 6738 6775 6910 7015 7060 7102 7193 7250 7320 7368 7384 7426 7465 7477 7569 7639 7764 7780 7898 7991 8029 8122 8229 8331 8404 8442 8505 8556 8669 8811 8872 8908 8917 9030 9140 9177 9275 9300 9418 9494 9643 9718 9760 9809 9907 9933 
123 43 109 159 178 225 386 511 542 673 782 813 899 1074 1145 1259 1355 1472 1541 1670 1711 1760 1879 1966 2109 2205 2246 2293 2334 2467 2489 2592 2721 2817 2826 2890 2996 3134 3166 3229 3279 3373 3425 3518 3648 3747 3778 3977 4001 4078 4217 4253 4295 4367 4486 4552 4601 4671 4784 4857 4957 5018 5061 5104 5187 5355 5420 5461 5533 5557 5702 5782 5851 5887 5909 6051 6128 6273 6326 6366 6434 6582 6666 6730 6831 6933 7057 7087 7186 7200 7257 7369 7413 7616 7655 7724 7744 7845 7997 8004 8064 8079 8145 8303 8366 8389 8461 8522 8626 8702 8930 9004 9047 9097 9163 9302 9434 9483 9548 9656 9744 9807 9950 9962 
125 44 107 278 432 476 516 661 739 788 842 917 957 1137 1226 1276 1319 1401 1467 1557 1617 1721 1766 1835 1929 2035 2089 2103 2176 2314 2373 2418 2432 2557 2623 2737 2795 2889 3044 3157 3333 3395 3584 3625 3691 3704 3800 3896 3932 4089 4216 4307 4322 4402 4430 4506 4630 4691 4724 4769 4878 4980 5065 5110 5170 5228 5293 5413 5641 5729 5817 5839 6015 6058 6079 6193 6250 6423 6500 6596 6630 6704 6811 6830 6944 7003 7050 7114 7139 7263 7323 7386 7460 7507 7673 7691 7735 7776 7969 7979 8063 8219 8321 8329 8418 8489 8564 8642 8761 8805 8954 9024 9111 9170 9243 9355 9395 9506 9543 9580 9651 9692 9784 9853 9936 9959 
120 45 113 335 396 449 513 568 705 784 832 919 1033 1125 1206 1278 1450 1509 1631 1738 1764 1845 1898 1954 2201 2324 2363 2438 2479 2532 2600 2668 2741 2827 2976 3049 3144 3213 3332 3505 3539 3571 3676 3880 3956 4113 4147 4251 4292 4403 4451 4537 4661 4673 4704 4774 4859 4935 5000 5053 5098 5132 5148 5257 5439 5529 5645 5678 5698 5789 5901 6014 6082 6231 6329 6369 6476 6610 6707 6761 6774 6889 6955 7043 7078 7185 7235 7304 7437 7539 7551 7709 7792 7899 7968 8100 8130 8243 8368 8490 8534 8632 8696 8749 8781 8873 8942 8964 9029 9117 9282 9301 9363 9477 9593 9649 9749 9852 9886 9944 9994 
131 46 103 157 208 343 515 586 713 766 822 888 949 965 1004 1081 1154 1197 1264 1330 1434 1506 1609 1659 1704 1876 1974 2072 2141 2161 2177 2219 2356 2474 2559 2626 2647 2758 2864 2953 2964 3069 3200 3230 3243 3418 3465 3541 3566 3666 3740 3802 3857 3871 3905 3950 4204 4240 4328 4417 4489 4531 4586 4718 4799 4841 4905 4910 4962 4993 5044 5120 5152 5212 5311 5452 5552 5704 5768 5885 5917 5930 6028 6121 6186 6312 6370 6485 6528 6568 6716 6850 6949 6963 7071 7152 7181 7208 7338 7359 7568 7598 7659 7750 7897 7949 7999 8069 8266 8305 8360 8382 8514 8574 8699 8723 8787 8849 8950 9039 9125 9161 9265 9359 9400 9451 9537 9650 9780 9824 9857 9919 
128 47 88 155 217 267 310 355 391 509 613 874 922 960 1048 1140 1245 1260 1307 1374 1389 1427 1495 1568 1634 1780 1955 1992 2084 2120 2210 2272 2362 2392 2417 2488 2561 2735 2786 2868 2902 2919 3010 3100 3171 3182 3253 3312 3390 3426 3610 3623 3669 3721 3814 3844 3907 3953 4038 4069 4132 4274 4289 4464 4573 4725 4823 4915 5087 5158 5205 5359 5366 5512 5540 5567 5649 5803 5836 5932 6027 6088 6123 6182 6377 6443 6521 6629 6661 6894 6972 7013 7167 7311 7357 7397 7479 7545 7604 7678 7707 7784 7883 8015 8139 8153 8166 8216 8251 8317 8355 8412 8440 8459 8548 8621 8656 8797 8901 8976 9018 9069 9217 9294 9457 9557 9659 9691 9917 
130 48 186 280 346 490 526 599 669 721 753 776 800 847 923 1002 1098 1175 1250 1323 1426 1512 1550 1608 1664 1710 1815 1894 1996 2043 2067 2193 2252 2271 2310 2342 2410 2439 2490 2586 2686 2803 2911 3032 3129 3161 3241 3285 3420 3580 3620 3645 3741 3840 3924 3987 4073 4157 4273 4300 4389 4491 4568 4616 4729 4844 4890 5047 5113 5179 5215 5326 5364 5393 5430 5499 5642 5663 5736 5784 5835 5954 5972 6006 6041 6086 6167 6331 6397 6495 6511 6580 6665 6788 6857 6925 7067 7123 7199 7308 7377 7553 7631 7782 7825 7939 7964 8061 8179 8248 8278 8339 8470 8583 8607 8678 8750 8842 8909 8985 9034 9035 9218 9328 9406 9455 9559 9662 9811 9875 9953 
120 49 140 222 330 361 459 543 560 624 780 810 905 1112 1267 1310 1385 1459 1480 1570 1669 1706 1880 1990 2115 2251 2369 2440 2496 2594 2682 2749 2873 2903 2970 3019 3115 3151 3174 3266 3403 3463 3498 3521 3632 3685 3798 3848 3947 4017 4055 4060 4138 4155 4230 4359 4381 4525 4554 4620 4793 4929 5064 5160 5246 5321 5396 5559 5580 5719 5735 5843 5895 5987 6024 6124 6234 6320 6387 6458 6635 6709 6736 6827 6885 7007 7135 7205 7223 7404 7482 7544 7605 7624 7762 7823 7870 8008 8018 8067 8172 8274 8316 8467 8528 8633 8730 8767 9106 9143 9164 9281 9380 9414 9493 9592 9685 9828 9854 9943 9993 
134 50 135 147 340 473 493 580 622 706 759 830 906 995 1161 1213 1293 1314 1379 1398 1438 1499 1532 1632 1643 1676 1756 1814 1896 1946 2076 2144 2264 2323 2365 2425 2465 2538 2610 2658 2881 3004 3039 3084 3169 3195 3236 3348 3422 3455 3514 3565 3647 3785 3849 3948 4014 4112 4200 4365 4428 4507 4597 4714 4802 4866 4964 5074 5137 5234 5244 5315 5400 5478 5490 5539 5665 5741 5796 5912 5988 6068 6139 6275 6323 6381 6598 6686 6753 6773 6861 6987 7001 7174 7184 7238 7335 7402 7484 7550 7663 7689 7892 7937 7965 8056 8127 8306 8364 8381 8457 8458 8538 8569 8641 8657 8808 8891 8922 8955 9019 9154 9199 9270 9352 9412 9461 9497 9587 9634 9716 9742 9872 9921 9941 
126 51 93 148 241 370 501 537 578 651 698 728 828 900 991 1023 1082 1174 1305 1392 1463 1540 1580 1645 1765 1778 1905 1989 2070 2296 2459 2537 2560 2680 2779 2837 2875 2939 3009 3054 3075 3197 3203 3270 3475 3496 3532 3616 3650 3677 3884 3912 3928 3983 4041 4103 4178 4272 4348 4440 4502 4545 4639 4819 4868 4943 4988 5103 5202 5250 5387 5468 5528 5656 5715 5844 5888 5948 6016 6170 6249 6309 6352 6392 6444 6488 6594 6649 6758 6900 6993 7022 7053 7130 7197 7267 7325 7355 7399 7469 7499 7696 7837 7914 8085 8254 8342 8386 8405 8474 8604 8673 8716 8818 8866 8927 8957 9063 9113 9196 9299 9523 9535 9554 9683 9844 9914 
117 52 111 192 263 324 374 495 604 689 707 726 816 879 945 1070 1105 1215 1231 1277 1430 1641 1784 1997 2077 2138 2214 2367 2460 2540 2580 2634 2704 2846 2969 3156 3216 3344 3451 3583 3690 3716 3736 3837 3945 4066 4093 4198 4286 4364 4578 4638 4759 4830 4900 4945 5078 5225 5319 5399 5494 5561 5615 5661 5716 5766 5866 5911 5985 6162 6239 6333 6466 6492 6497 6535 6567 6605 6687 6701 6757 6833 6869 6902 6946 6978 7041 7230 7307 7515 7612 7748 7786 7904 8000 8071 8159 8236 8259 8327 8376 8422 8540 8639 8686 8726 8759 8815 8928 8969 9085 9147 9347 9426 9536 9734 9860 9949 
117 53 89 132 183 270 402 505 508 649 672 732 785 938 1025 1073 1166 1287 1303 1511 1644 1695 1855 1979 2032 2114 2145 2180 2267 2279 2325 2420 2522 2541 2678 2784 2838 2973 2998 3050 3095 3184 3245 3302 3379 3471 3627 3725 3762 3847 4023 4084 4176 4194 4242 4354 4369 4544 4663 4807 4856 4898 4937 5038 5195 5238 5267 5348 5371 5507 5672 5707 5714 5778 5813 5886 6032 6135 6184 6251 6496 6662 6748 6835 6931 7072 7112 7183 7226 7347 7523 7640 7674 7700 7771 7976 8052 8101 8201 8246 8326 8344 8492 8566 8747 8820 8918 9043 9172 9231 9325 9366 9551 9631 9702 9788 9836 9932 
125 54 91 136 244 315 399 551 643 761 814 881 933 990 1061 1103 1189 1263 1346 1451 1530 1545 1662 1768 1816 1935 2020 2066 2189 2304 2336 2454 2502 2535 2585 2648 2713 2781 2801 2885 2926 3228 3316 3357 3438 3522 3551 3574 3702 3858 3883 3913 4016 4125 4183 4223 4245 4360 4416 4433 4587 4651 4685 4742 5006 5054 5112 5149 5211 5271 5352 5514 5565 5636 5790 5840 5931 6019 6149 6223 6299 6359 6409 6518 6680 6789 6866 6903 6951 7034 7149 7194 7269 7461 7521 7525 7587 7648 7779 7858 7912 7930 7984 8005 8022 8183 8338 8367 8484 8530 8636 8674 8880 8951 8968 9103 9138 9253 9342 9419 9447 9560 9679 9768 9909 9999 
132 55 120 134 199 255 294 383 441 571 658 723 871 976 1077 1150 1160 1209 1268 1437 1516 1542 1623 1672 1737 1817 1854 1904 1949 2063 2168 2248 2258 2348 2385 2448 2485 2520 2641 2751 2806 2850 2884 2960 2968 3028 3121 3196 3267 3362 3413 3485 3557 3590 3652 3686 3809 3851 3874 3925 4095 4128 4225 4293 4458 4496 4619 4713 4735 4797 4808 4849 4950 5007 5062 5128 5165 5328 5382 5463 5545 5607 5743 5846 5914 6085 6142 6195 6245 6364 6473 6517 6634 6714 6735 6887 6968 7042 7119 7160 7252 7345 7370 7532 7599 7632 7649 7697 7809 7862 7946 7957 8014 8045 8109 8163 8222 8286 8401 8508 8608 8731 8836 8924 8975 9041 9112 9322 9442 9670 9729 9831 9864 
122 56 126 234 239 250 437 502 583 717 760 853 865 985 1064 1120 1220 1325 1368 1484 1564 1650 1740 1882 1937 2037 2111 2242 2335 2526 2573 2605 2654 2712 2724 2841 2929 3035 3068 3231 3324 3486 3591 3637 3681 3803 3882 3998 4104 4184 4264 4387 4517 4631 4696 4768 4817 4920 4973 5028 5075 5209 5333 5408 5445 5501 5541 5626 5776 5862 5962 6072 6201 6272 6373 6445 6475 6491 6554 6625 6663 6741 6817 6957 6985 7002 7096 7170 7251 7285 7292 7405 7514 7524 7540 7597 7683 7717 7819 7889 7921 8158 8227 8343 8410 8497 8622 8766 8847 8906 9051 9129 9220 9404 9462 9528 9585 9623 9655 9746 9769 9865 9974 
125 57 90 177 258 344 378 431 484 650 737 843 885 964 1037 1085 1179 1229 1284 1444 1488 1587 1653 1685 1732 1801 1981 2031 2065 2119 2202 2262 2338 2514 2703 2798 2833 2920 3022 3094 3225 3260 3330 3391 3535 3597 3674 3737 3832 3916 3970 4075 4107 4141 4168 4246 4339 4412 4473 4498 4529 4564 4615 4744 4836 4870 4953 5002 5138 5285 5384 5465 5509 5608 5697 5799 5881 5964 6095 6150 6339 6447 6486 6537 6642 6791 6824 6915 6958 7075 7144 7159 7216 7231 7342 7398 7457 7520 7583 7703 7861 7928 8010 8048 8097 8213 8365 8380 8527 8745 8877 8923 9081 9155 9184 9263 9391 9438 9485 9545 9589 9614 9755 9796 9906 9984 
129 58 144 163 252 387 445 521 539 577 638 722 786 855 924 959 974 1133 1240 1315 1353 1409 1448 1527 1561 1638 1830 1988 2090 2265 2339 2364 2412 2470 2579 2711 2792 2921 2981 3030 3038 3159 3221 3325 3411 3466 3569 3684 3720 3835 3958 4012 4083 4177 4206 4281 4368 4408 4468 4603 4688 4816 4875 4912 4995 5122 5220 5301 5402 5493 5575 5679 5754 5874 5997 6105 6146 6171 6248 6375 6441 6515 6549 6622 6689 6744 6787 6882 6956 7073 7162 7175 7215 7221 7300 7314 7372 7391 7447 7516 7584 7711 7723 7797 7907 7961 8107 8189 8273 8361 8406 8542 8629 8740 8857 8897 8926 9026 9087 9115 9285 9368 9386 9473 9499 9573 9619 9705 9871 9971 
121 59 95 127 227 381 496 549 611 736 806 914 952 1089 1182 1212 1283 1604 1627 1729 1750 1806 1897 1983 2091 2122 2237 2318 2376 2492 2524 2577 2646 2809 2829 2854 2984 3071 3116 3143 3249 3383 3538 3553 3694 3782 3893 3966 4027 4070 4100 4232 4333 4383 4478 4547 4555 4626 4665 4765 4791 4839 4975 5073 5125 5164 5287 5358 5424 5471 5537 5647 5794 5868 5882 5918 6004 6040 6205 6276 6361 6416 6481 6570 6636 6672 6890 6982 7145 7190 7353 7463 7638 7685 7773 7881 7944 8019 8128 8178 8196 8341 8454 8506 8581 8619 8720 8859 8934 8992 9025 9124 9211 9264 9318 9448 9520 9602 9709 9735 9838 9922 
126 60 81 145 215 272 338 447 634 716 794 829 891 930 1012 1067 1143 1269 1337 1473 1615 1698 1747 1769 1777 1800 1844 1884 1938 2048 2087 2092 2097 2143 2199 2341 2468 2584 2593 2631 2753 2808 3025 3073 3108 3336 3444 3479 3578 3636 3728 3812 3961 4068 4130 4179 4317 4363 4386 4474 4497 4563 4628 4770 4846 4883 5039 5213 5297 5365 5563 5605 5682 5757 5858 5905 5943 6013 6106 6197 6267 6316 6401 6428 6520 6648 6675 6720 6815 6834 6884 7010 7150 7178 7219 7288 7395 7503 7706 7728 7765 7880 7963 8055 8136 8258 8325 8423 8455 8600 8729 8832 8845 8936 9009 9070 9091 9139 9216 9248 9370 9445 9502 9677 9774 9890 9973 
125 61 121 143 201 268 352 406 532 589 671 738 818 856 934 1045 1117 1191 1254 1360 1383 1475 1611 1708 1837 1852 1895 1928 2015 2095 2280 2374 2403 2463 2583 2694 2757 2866 2912 3053 3102 3170 3268 3388 3427 3504 3523 3651 3730 3828 3923 3964 4071 4214 4319 4384 4548 4565 4625 4723 4842 4897 4994 5178 5302 5336 5431 5488 5551 5635 5695 5756 5854 5896 6012 6107 6122 6257 6348 6362 6499 6544 6579 6767 6851 6945 6973 6996 7092 7151 7348 7441 7581 7652 7657 7777 7869 7967 8001 8050 8084 8187 8330 8359 8402 8453 8558 8660 8830 8876 8931 9062 9077 9128 9159 9279 9341 9431 9465 9565 9700 9740 9776 9795 9968 9998 
116 62 168 220 248 358 394 500 608 821 982 1035 1054 1131 1241 1428 1583 1628 1651 1694 1723 1883 1957 2110 2228 2282 2308 2406 2533 2624 2657 2716 2815 2977 3065 3173 3264 3295 3319 3589 3678 3873 3910 3988 4054 4067 4152 4282 4335 4499 4641 4740 4880 4972 5105 5129 5186 5216 5314 5417 5516 5650 5723 5863 5910 6034 6092 6130 6166 6241 6301 6399 6493 6700 6746 6875 6918 6959 7014 7024 7220 7279 7287 7344 7375 7435 7478 7621 7702 7747 7830 7945 8042 8168 8245 8264 8392 8449 8575 8628 8649 8684 8799 8821 8886 8956 9071 9160 9304 9388 9550 9660 9704 9763 9859 9882 9979 
130 63 179 283 316 419 531 556 601 635 748 851 953 988 1110 1181 1304 1455 1493 1549 1600 1713 1753 1810 1870 1953 2166 2225 2345 2381 2457 2551 2637 2766 2778 2887 2922 3013 3150 3208 3303 3401 3477 3587 3708 3843 4044 4080 4163 4302 4316 4377 4459 4551 4629 4669 4715 4741 4936 5019 5146 5230 5270 5353 5502 5525 5657 5670 5712 5832 5926 5995 6154 6216 6242 6324 6354 6404 6505 6671 6751 6823 6842 6892 7006 7054 7121 7182 7246 7432 7513 7574 7677 7836 7890 7971 8007 8073 8088 8170 8217 8276 8301 8373 8447 8511 8562 8594 8625 8692 8737 8768 8814 8860 8925 8963 9095 9100 9158 9201 9226 9295 9334 9425 9474 9547 9591 9665 9701 9873 9957 
126 64 173 197 243 304 331 407 520 606 679 765 863 1006 1026 1029 1280 1317 1381 1504 1624 1652 1787 1848 1952 2044 2222 2275 2359 2435 2518 2575 2638 2715 2736 2771 2848 2896 3078 3133 3222 3240 3323 3429 3469 3507 3548 3675 3738 3761 3772 3808 3842 3917 3931 4144 4270 4349 4604 4703 4748 4766 4826 4948 5070 5106 5139 5258 5418 5504 5584 5644 5753 5819 5859 5980 6010 6070 6147 6288 6384 6502 6563 6603 6792 6888 6990 7084 7091 7093 7196 7206 7272 7367 7464 7541 7614 7634 7715 7807 7874 7985 8031 8185 8261 8388 8430 8550 8614 8663 8725 8754 8816 8941 9011 9046 9180 9193 9362 9407 9452 9605 9630 9724 9762 9825 9939 
120 65 112 166 247 302 312 470 685 733 775 805 901 1041 1111 1171 1288 1344 1407 1520 1637 1752 1812 1842 1918 1978 2027 2112 2154 2253 2354 2450 2519 2684 2744 2764 2862 2907 2950 2965 3052 3114 3201 3257 3339 3489 3621 3709 3841 4021 4136 4235 4269 4305 4330 4361 4420 4482 4543 4611 4686 4820 4862 4946 4986 5052 5102 5172 5299 5331 5347 5412 5467 5583 5673 5811 5848 5898 5953 6069 6111 6227 6317 6380 6439 6569 6606 6621 6740 6819 6926 7032 7266 7284 7360 7488 7596 7719 7824 7927 8026 8102 8230 8347 8370 8463 8553 8609 8719 8744 8822 8882 9027 9105 9219 9261 9379 9505 9568 9706 9826 
130 66 102 200 307 350 375 457 529 605 687 711 808 884 926 984 1000 1116 1153 1228 1345 1373 1481 1534 1658 1733 1786 1799 1872 1892 1956 2047 2142 2197 2357 2399 2536 2653 2661 2770 2923 3070 3148 3212 3244 3254 3309 3351 3415 3461 3482 3545 3701 3758 3823 3996 4046 4148 4303 4355 4439 4477 4539 4654 4762 4785 4871 4952 5043 5094 5239 5401 5422 5476 5506 5598 5845 5945 6043 6188 6213 6290 6372 6427 6489 6525 6658 6750 6843 6932 7052 7131 7179 7218 7333 7354 7455 7502 7591 7607 7690 7785 7810 7873 7955 8023 8177 8218 8247 8294 8427 8554 8706 8765 8827 8878 8959 8988 9068 9256 9293 9332 9408 9487 9527 9645 9674 9781 9808 9876 9945 
127 67 133 184 185 323 463 486 522 596 768 846 920 927 940 993 1142 1196 1219 1326 1413 1510 1555 1582 1619 1691 1823 1881 1959 2002 2073 2106 2190 2270 2328 2402 2471 2556 2664 2695 2840 2877 2967 3079 3135 3187 3232 3331 3341 3457 3508 3609 3719 3780 3888 3963 4018 4158 4297 4342 4485 4535 4599 4708 4804 4852 4963 5041 5079 5131 5173 5266 5349 5427 5487 5556 5720 5781 5878 6104 6129 6228 6391 6446 6565 6669 6696 6719 6840 6895 7020 7103 7229 7295 7340 7414 7486 7522 7645 7759 7801 7887 7981 8037 8074 8257 8323 8436 8517 8613 8652 8785 8834 8889 8933 8995 9045 9058 9156 9222 9286 9373 9481 9567 9673 9757 9862 9908 
124 68 98 206 325 411 499 579 657 756 764 790 869 939 1071 1138 1165 1255 1394 1449 1457 1522 1543 1675 1679 1819 1890 1967 2038 2093 2134 2245 2326 2453 2510 2591 2613 2743 2787 2816 2860 2891 2947 3020 3080 3130 3158 3211 3356 3497 3582 3715 3921 3986 4036 4094 4228 4276 4325 4406 4456 4594 4693 4751 4885 4938 4982 5124 5204 5262 5406 5477 5571 5659 5717 5760 5779 5830 5869 5979 6089 6215 6233 6435 6538 6611 6688 6756 6826 7005 7122 7255 7383 7496 7600 7646 7662 7751 7796 7902 7931 7948 8093 8120 8210 8255 8377 8521 8666 8884 8972 9065 9109 9228 9274 9335 9345 9453 9482 9590 9641 9672 9770 9884 9964 
124 69 99 149 212 237 345 388 413 448 565 656 725 781 955 1018 1028 1046 1148 1208 1247 1329 1422 1531 1603 1626 1755 1825 1868 2017 2185 2305 2330 2529 2643 2706 2754 2818 2924 3037 3107 3217 3278 3328 3380 3404 3456 3529 3630 3672 3765 3819 3890 3933 4032 4090 4124 4224 4278 4315 4395 4462 4577 4699 4790 4906 5057 5161 5248 5261 5342 5416 5560 5687 5765 5850 5939 5973 6050 6138 6192 6367 6400 6483 6590 6731 6804 6877 7036 7141 7254 7283 7351 7407 7528 7561 7664 7742 7852 7966 8009 8094 8150 8182 8267 8292 8394 8468 8617 8687 8717 8764 8837 8911 8981 9050 9152 9269 9309 9466 9594 9632 9737 9829 9863 
124 70 104 154 207 228 329 385 416 536 639 795 827 987 1057 1183 1252 1406 1486 1497 1614 1712 1791 1867 2051 2226 2301 2355 2477 2552 2620 2676 2731 2799 2894 2927 2963 2995 3147 3242 3385 3460 3646 3750 3811 3875 3944 3973 4010 4116 4192 4234 4314 4393 4434 4521 4672 4717 4812 4901 4979 5035 5058 5194 5254 5295 5341 5380 5448 5522 5564 5610 5748 5860 5950 5978 6084 6164 6214 6268 6303 6385 6490 6593 6659 6721 6793 6905 6928 6948 7008 7090 7161 7268 7337 7389 7459 7534 7594 7611 7661 7828 7868 8096 8198 8288 8351 8451 8582 8693 8804 8831 8920 8979 9003 9116 9240 9371 9443 9463 9552 9733 9814 9881 9982 
113 71 84 141 161 289 392 462 582 750 848 883 1015 1058 1094 1123 1130 1265 1335 1369 1447 1546 1687 1718 1757 1869 1943 2062 2086 2136 2266 2377 2436 2456 2597 2685 2752 2814 2983 3099 3177 3294 3313 3369 3436 3534 3735 3751 3821 3862 3908 3952 4087 4165 4263 4321 4357 4463 4582 4682 4697 4753 4851 4933 4967 5090 5206 5268 5421 5505 5640 5749 5787 5935 6042 6093 6114 6203 6300 6346 6510 6604 6726 6844 6914 7056 7063 7212 7291 7519 7672 7734 7909 8058 8148 8308 8350 8496 8586 8668 8758 8875 8887 8948 9079 9214 9417 9513 9633 9667 9727 9837 9928 9954 
132 72 82 142 235 277 296 397 427 461 534 555 619 662 691 779 859 908 1007 1158 1243 1312 1492 1503 1585 1728 1818 1941 2041 2113 2172 2256 2277 2394 2416 2504 2608 2644 2660 2765 2869 2936 2966 3087 3252 3386 3506 3596 3789 3846 3900 3954 4006 4137 4211 4327 4404 4427 4435 4538 4618 4772 4873 4941 4984 5059 5140 5241 5337 5437 5473 5568 5596 5660 5710 5730 5865 5929 6031 6102 6159 6172 6419 6474 6562 6619 6695 6784 6854 6934 6983 7011 7038 7094 7227 7260 7382 7420 7498 7580 7654 7665 7692 7733 7755 7843 7865 7905 7958 8041 8152 8287 8385 8398 8448 8500 8503 8576 8634 8846 8937 8997 9174 9200 9234 9252 9393 9510 9625 9648 9818 9940 9995 
129 73 164 251 372 410 440 538 566 642 798 902 1022 1093 1162 1192 1253 1339 1408 1458 1517 1612 1688 1793 1841 1873 1885 1951 2000 2083 2135 2186 2320 2387 2484 2569 2635 2727 2769 2802 2942 3008 3064 3137 3305 3352 3519 3595 3608 3718 3773 3816 4003 4051 4161 4212 4265 4379 4445 4465 4515 4540 4596 4664 4711 4773 4879 4966 5021 5176 5269 5306 5373 5442 5599 5671 5755 5841 5889 5921 5999 6078 6177 6191 6244 6307 6378 6406 6465 6556 6600 6691 6708 6755 6930 6939 7070 7224 7324 7449 7497 7557 7608 7643 7738 7805 7855 8028 8132 8199 8419 8507 8672 8746 8775 8870 8929 9015 9090 9190 9260 9330 9387 9555 9644 9695 9748 9764 9929 9977 
130 74 124 158 193 275 342 371 456 545 614 708 715 783 841 896 912 1013 1059 1187 1343 1365 1421 1500 1552 1576 1820 1888 1965 2061 2198 2224 2298 2349 2404 2441 2478 2528 2622 2717 2852 2899 2952 3043 3132 3226 3258 3343 3397 3428 3653 3667 3752 3793 3999 4057 4110 4191 4259 4271 4320 4375 4584 4617 4706 4764 4837 4854 5012 5193 5243 5249 5324 5343 5381 5433 5466 5524 5594 5662 5727 5807 5965 6003 6090 6126 6196 6236 6280 6355 6410 6512 6591 6668 6754 6893 7031 7079 7158 7204 7330 7530 7590 7671 7766 7804 7872 8039 8160 8188 8281 8340 8438 8485 8510 8549 8676 8727 8903 8938 9000 9052 9127 9249 9416 9511 9519 9699 9801 9861 9934 
131 75 101 122 169 265 318 390 540 569 668 718 743 757 907 947 1086 1119 1169 1216 1347 1420 1502 1528 1565 1665 1847 1927 2042 2071 2164 2239 2317 2375 2433 2598 2667 2738 2855 2928 3029 3059 3149 3247 3321 3402 3449 3547 3562 3680 3801 3942 4053 4162 4280 4378 4513 4569 4662 4818 4843 4969 5037 5121 5191 5232 5438 5441 5481 5523 5631 5684 5728 5797 5883 5977 6025 6063 6109 6237 6311 6393 6460 6578 6682 6743 6818 6847 6904 6992 7172 7278 7317 7362 7421 7490 7504 7526 7576 7682 7749 7842 7975 8070 8114 8162 8302 8425 8462 8532 8545 8577 8700 8709 8789 8835 8915 8974 9023 9104 9204 9233 9321 9339 9420 9588 9617 9715 9794 9827 9900 9988 
122 76 97 160 219 306 328 422 491 563 683 819 854 961 975 1032 1114 1217 1274 1324 1468 1575 1703 1822 1910 1971 1991 2085 2182 2290 2294 2378 2473 2495 2627 2691 2797 2865 2931 3128 3194 3265 3335 3440 3549 3575 3626 3688 3825 3935 4047 4121 4190 4285 4399 4436 4505 4589 4652 4805 4896 4917 4998 5082 5188 5309 5375 5632 5667 5812 5963 6101 6286 6322 6412 6448 6527 6540 6631 6652 6766 6880 6917 6997 7083 7228 7379 7494 7558 7641 7670 7911 7915 8020 8105 8224 8291 8356 8393 8424 8535 8573 8650 8736 8769 8788 8885 8987 9107 9176 9212 9354 9410 9472 9507 9516 9627 9681 9713 9752 9888 9935 9989 
114 77 85 150 210 269 365 512 625 676 771 928 1038 1102 1156 1239 1256 1313 1410 1494 1625 1741 1795 1850 1906 1994 2023 2080 2181 2209 2358 2498 2550 2651 2710 2777 2839 2933 3036 3112 3202 3361 3483 3642 3746 3781 3839 3863 4000 4140 4277 4429 4528 4591 4709 4731 4749 4864 4971 5086 5305 5335 5455 5503 5574 5623 5751 5825 5908 5947 6217 6318 6418 6484 6539 6633 6685 6846 6936 6989 7148 7256 7290 7412 7444 7564 7619 7688 7712 7834 7879 7942 8080 8151 8205 8320 8387 8481 8592 8698 8810 8892 8982 9006 9059 9280 9385 9512 9637 9708 9798 9841 9946 9970 9990 
126 78 130 195 286 547 562 659 693 746 797 897 911 966 1024 1104 1178 1221 1298 1316 1367 1440 1523 1595 1648 1722 1781 1826 1931 1964 1995 2028 2137 2165 2332 2391 2491 2609 2636 2709 2819 2883 2941 3015 3118 3190 3301 3317 3350 3474 3525 3606 3697 3714 3766 3777 3859 3939 3980 4126 4252 4323 4516 4579 4588 4694 4776 4887 5031 5159 5284 5317 5458 5566 5643 5738 5759 5857 5884 5942 6065 6137 6240 6351 6432 6508 6616 6679 6848 6929 6960 7051 7062 7095 7140 7211 7339 7419 7563 7633 7790 7848 7941 7983 8040 8154 8312 8357 8407 8547 8654 8721 8825 8874 8900 9061 9121 9189 9195 9287 9336 9469 9549 9618 9636 9754 9791 
129 79 94 129 167 221 314 377 430 561 636 696 840 1042 1101 1147 1262 1289 1334 1415 1469 1525 1544 1622 1666 1715 1782 1808 1828 1853 1969 2001 2133 2250 2444 2512 2571 2663 2725 2813 2843 2904 2997 3040 3126 3141 3233 3329 3437 3490 3509 3558 3613 3659 3768 3860 3968 4011 4072 4109 4197 4256 4341 4442 4512 4655 4746 4801 4892 5050 5072 5200 5292 5313 5397 5444 5530 5652 5742 5853 5971 6029 6156 6243 6321 6417 6462 6551 6609 6656 6802 6855 6896 6950 7029 7068 7147 7262 7371 7409 7443 7622 7794 7900 7960 8016 8108 8181 8232 8352 8443 8494 8587 8645 8677 8778 8853 8947 9066 9162 9237 9298 9409 9496 9570 9653 9696 9731 9845 9937 
128 80 83 110 153 188 203 380 433 479 553 652 724 831 893 948 1080 1144 1272 1375 1465 1591 1598 1745 1790 1851 1920 2008 2049 2139 2261 2390 2503 2581 2674 2746 2788 2858 2946 3001 3127 3209 3276 3338 3443 3577 3600 3749 3797 3906 3976 4105 4187 4207 4279 4331 4441 4546 4743 4827 4874 4909 5042 5088 5130 5184 5259 5372 5403 5472 5527 5602 5838 5920 5956 6108 6173 6225 6256 6308 6356 6415 6459 6555 6654 6699 6737 6841 6980 7064 7156 7210 7280 7415 7468 7518 7783 7838 7893 7987 8065 8186 8211 8283 8379 8502 8591 8688 8739 8795 8829 8855 8921 8952 8986 9099 9149 9203 9344 9392 9460 9518 9613 9694 9821 9839 9850 9899 9975 
