5 84 7112 327 2227 4042 
12 88 1924 5411 2137 6574 3660 9372 9245 6018 944 6715 3043 
24 187 2355 7498 1692 9724 7222 1012 6625 6578 8903 7707 7385 2685 3336 8233 9959 9081 4680 9750 360 8091 9560 3110 144 
20 303 1393 2468 6953 8824 104 2093 973 2728 5823 4448 2120 2855 4596 3727 4172 635 7896 8083 2659 
8 474 2351 6860 9509 4616 2491 3863 9354 
22 568 2715 3316 8593 5733 5575 288 2111 1704 1661 6095 9529 5028 7338 7705 1112 9759 955 5499 9 5631 8301 
22 677 1778 2681 7085 8955 6222 8785 886 2702 5941 6810 4845 7098 3827 6691 2872 5067 9145 107 8482 749 2964 
32 719 4848 1550 9634 4585 9127 1937 9440 2966 8956 4907 6596 9015 2633 8516 7100 9933 9170 2214 3059 1765 923 2533 6496 7905 9168 443 86 3719 4277 9673 3097 
2 837 251 
22 1066 502 2434 3530 2406 867 6542 9774 9079 600 3503 5645 2542 628 9803 8577 8849 401 4976 3172 5939 224 
20 1178 8854 8642 39 7147 4543 2400 8931 8729 8680 6667 904 8777 7390 3744 9007 9540 5044 845 8701 
17 1209 3750 1262 8922 727 3158 158 51 2503 5410 1158 3950 9608 7476 3860 2090 3985 
24 1315 2409 161 9272 6674 9038 9026 800 8961 7024 4237 4567 6565 6776 9293 1241 8611 4574 2588 9953 3792 7818 6931 4292 
22 1335 9226 6868 4473 1073 4075 9403 72 6204 3980 6337 2832 4727 588 1694 7485 7954 3343 2193 7814 3712 1009 
16 1515 4245 7068 6832 5021 4690 6519 3536 7775 2792 5726 3280 6097 2145 4531 2983 
28 1543 4028 9610 1565 1152 7113 7006 9376 8431 5233 3078 6977 3873 6754 4560 4362 2158 4023 9662 4926 652 1549 2865 4519 7611 9189 9277 5334 
32 1560 3188 3199 3398 7211 415 993 3165 7562 8316 4314 5909 8963 9358 8917 9894 8512 8121 96 2553 9791 9174 54 5328 960 1812 8369 8130 6782 2221 263 1646 
20 1757 1524 9385 4207 4558 4657 8035 4449 4569 1649 4359 6803 487 1828 7997 9924 879 3868 4522 1652 
15 1900 2433 4745 344 7632 3953 7827 1161 8144 4226 1641 4540 7215 4911 8870 
18 1992 6281 6975 3437 6628 6315 9356 7765 5843 1708 1915 4861 3612 2833 3543 6533 9635 5108 
14 2009 2396 7549 7699 7280 346 6428 5927 7878 1545 2604 6250 6627 998 
17 2135 3108 3666 3539 1979 7194 9194 9629 154 2283 1925 647 8349 5081 6108 6073 1318 
21 2356 1259 2977 4457 9366 4993 7365 7327 1618 7591 4373 4436 9528 8626 8515 9692 9793 679 1207 4338 626 
32 2432 9985 2748 4935 8309 9633 3375 7662 596 8173 531 6251 3315 3785 1660 5630 1612 1199 5023 9767 4578 1444 4289 2524 2331 1274 8095 3415 6979 6481 910 8087 
27 2519 9768 5996 6922 956 6141 5267 6213 3839 8945 6179 5692 695 9643 5689 5098 3296 4771 569 466 3084 7348 7669 7509 1473 5063 9172 
17 2571 5890 5082 8595 133 5794 8725 9848 2579 6371 6936 7694 9465 4780 2098 3041 1805 
36 2581 1605 9306 1959 7631 8464 9064 233 1352 2187 5070 6393 342 4550 8926 5208 3269 3182 7879 6325 3178 1485 4336 6215 2761 1333 8255 4504 2970 8836 9266 2448 8735 2862 4241 4186 
26 2695 5043 5553 6902 2525 7564 8502 9299 412 4608 3753 592 37 1275 2062 2398 3237 2405 4946 2367 8966 4239 6099 9451 2410 3825 
12 2920 9664 8215 3900 1556 4294 5773 1231 2877 2767 8898 8700 
25 2949 633 4326 244 396 8237 6375 9247 5184 5729 8471 6174 7543 824 9788 1056 9201 3183 9713 9094 9217 2925 5051 2103 8722 
19 3156 7642 3609 425 7793 9968 4840 2956 9237 9395 305 1732 9501 9271 8499 8655 4510 602 2298 
19 3253 2937 4034 8909 8990 459 352 4209 5768 7610 1974 2365 5614 1957 5403 468 915 2194 712 
25 3580 9068 9075 4879 1891 7045 5176 5042 2452 5470 7860 5367 6802 6827 7240 9315 1268 5454 8124 9999 6731 7369 6158 9387 722 
25 3629 6566 4426 2444 3550 7650 1395 2437 7538 1882 5675 5349 180 4505 4945 9261 5438 603 2744 6535 5121 8888 1341 325 8740 
20 3696 7379 2780 2338 2613 514 3646 1220 2192 5250 760 3118 1571 7487 4542 2310 1077 6973 3853 7533 
22 3869 3257 2482 7096 2291 3648 4498 5302 2034 6824 4128 8544 4789 8181 1615 3164 8660 7105 3020 2775 4303 2049 
26 4008 2079 513 4836 3119 5045 2969 7764 5481 67 7090 5249 3009 1342 6995 9732 7703 3177 407 7159 5673 7052 2914 6051 759 7766 
26 4078 1192 9559 9289 4141 5495 7684 9364 8303 2128 6138 5767 4420 322 8360 8283 5739 3872 9493 7183 4203 9383 1865 6257 6748 2163 
24 4094 1168 9077 1008 4832 2037 501 1741 7009 3902 3016 1999 2672 8041 4576 1157 5814 6614 2196 1060 5361 3611 5476 9915 
36 4309 2426 4421 8835 2518 5602 2781 1319 3215 6956 1098 5861 7903 9438 3271 4263 3672 8960 7529 2109 733 242 183 420 5186 4579 5430 3223 5618 7544 5787 8929 258 3787 5485 343 
29 4377 3114 2000 942 1862 674 8610 7080 1176 959 7949 2933 4012 5097 1525 171 5611 787 4118 3711 1108 9521 3745 410 176 3369 6112 3781 5471 
24 4435 6762 4969 1051 5201 6306 9879 1814 997 1289 5333 4425 2022 2891 7473 236 6394 1935 3287 8311 6978 321 8690 5953 
22 4525 9412 9011 8128 708 6893 4756 872 8553 6772 4443 357 6816 6137 2294 748 7302 1632 6668 5836 3898 778 
17 4839 2979 1872 5062 8003 7961 5114 2951 4956 4726 6065 5932 4791 7035 797 8897 1261 
18 5018 9074 2910 3213 1345 7708 6006 3344 5 4671 4142 5185 1279 3533 9494 5294 790 2408 
18 5137 2541 1568 5301 6312 1624 4712 155 8077 339 1730 5331 6049 4315 7008 9369 6994 2724 
27 5299 326 1986 4733 9018 1263 3203 6932 4924 5140 5484 3088 968 2493 6497 2069 504 3175 650 1645 8910 1095 3014 2185 2922 9770 2658 
27 5335 5698 2143 1223 8521 6398 2831 3754 4159 1392 953 3501 78 3824 4878 1450 9674 2688 6545 6351 3822 3297 411 9294 4753 8232 7235 
25 5440 9052 2335 1260 615 506 313 2275 6237 2558 8505 2184 2204 1214 8465 6918 7244 7144 2188 1280 5251 6788 6148 7410 4592 
18 5868 7643 3746 1855 1271 8511 1461 5664 9072 8135 179 8315 5297 6143 8802 7051 6941 4844 
22 5970 839 2967 4291 9375 4930 1942 7466 6562 9379 8150 3593 527 433 7635 4439 3899 6417 308 7374 3500 3755 
32 6002 7312 8219 922 2178 2404 9731 8506 4113 8186 3454 9333 8692 5919 3351 2887 7753 2447 4187 3639 2801 6310 1122 835 5131 6534 6323 4197 1141 1602 7527 8154 
18 6031 2297 2166 5303 5815 1409 3820 3730 551 7030 418 367 8418 3652 1909 5854 5265 7472 
27 6252 9254 6703 292 9889 8014 9157 7865 3292 3123 863 9939 3832 4276 7047 7433 5257 3927 8537 3600 1044 1086 3698 7938 5011 4220 5672 
29 6403 1200 6475 4869 4587 6814 1902 5952 9031 3946 2874 1037 3277 3487 985 3379 8829 5590 334 2484 9535 6867 3766 4132 1507 8145 3184 302 3120 
16 6412 951 3936 7901 2209 1446 8357 3823 4889 8604 3456 4483 8053 6209 3095 329 
29 6466 7683 782 8989 7464 1913 4764 7425 9070 5684 9632 1069 8446 484 3776 1340 6928 9389 5401 6162 4238 7029 9016 2692 7821 4231 455 8123 1300 
18 6670 9109 979 2612 9908 4043 5734 1068 1650 6753 3385 6075 7908 3301 2962 1825 6019 9764 
19 6783 5783 1324 1294 1311 3434 454 9837 2907 4074 5523 7547 6495 8810 9471 3272 8455 9005 9997 
5 7005 7518 8364 9775 6441 
31 7013 277 5282 3566 6293 9118 7239 5088 7043 6589 629 7769 4884 3211 1539 2153 7506 8539 1770 5478 3878 8720 1361 2666 7892 3348 7484 8380 5047 5057 5821 
24 7109 1625 1729 8110 617 9684 403 7576 5323 550 8072 3907 3699 3489 4265 7177 7720 1119 1285 7530 2961 6151 8375 1134 
14 7270 8944 9034 9839 3668 5190 7688 3720 5897 3604 7437 8411 8613 8606 
23 7399 3146 1292 3673 9420 1844 5061 2994 1357 1740 4036 3412 6666 521 6611 7828 7478 9873 3441 9792 1826 3069 8535 
28 7463 4084 5285 8766 4035 1369 5770 7857 5210 680 9321 6743 7615 5512 5763 6388 3771 5873 4999 8678 1987 9069 7803 5895 5443 7943 8862 710 
20 7475 6200 3083 4493 2578 4696 7604 9950 3584 4642 2670 8693 8591 7101 4898 2750 3071 6876 59 9374 
22 7928 6189 3354 9926 8536 3565 7092 2174 1348 8857 8819 3713 2428 7023 8561 9814 5431 2697 6088 7568 3204 7049 
24 7956 4233 3585 3615 823 7745 1062 4147 2116 243 4135 1920 2789 6758 6561 4900 6214 1063 351 5290 9984 4077 6070 3848 
31 7965 1030 3557 1399 6119 908 8324 2377 7274 3465 3228 8987 1981 7363 8242 9661 9863 4512 676 8887 3419 2988 8679 358 7596 3933 9615 9343 2759 7001 8718 
26 8175 8489 2523 4194 2056 5642 5837 1480 4046 1448 5073 692 5226 2348 6906 3590 6328 8472 1216 7204 2888 31 2998 2554 6635 6911 
28 8292 5510 9191 2904 4703 7193 4636 8243 2115 4206 987 3561 2438 4487 5986 6874 9447 5607 3506 264 2481 4131 4600 9922 8488 9215 5458 2530 
32 8310 9452 9087 332 4024 9202 4099 5116 9553 7361 2846 9221 5133 3595 7298 5357 3939 5000 3525 1769 7447 1816 4095 1798 6796 6136 783 3983 3042 980 5046 9860 
32 8640 1363 4502 5663 9179 2180 671 1613 843 8103 6683 2882 5340 8549 8325 1743 4565 28 5655 5789 5330 7378 9530 9178 9660 8205 9668 5202 4445 5637 4281 6467 
27 8773 5727 6735 41 9382 2934 2181 7665 127 9027 2415 6367 5074 4773 4698 6387 6027 8013 505 2038 6022 3803 6302 7079 937 6093 2677 
18 9256 4045 3798 6865 6041 6181 4248 3328 4591 1516 1058 2127 642 7850 2747 6285 9334 5586 
28 9313 2293 9012 9874 284 6647 1436 4278 2547 8864 7754 9322 4343 4272 8649 2144 7330 3519 5286 4192 8011 3309 9338 6291 3327 1312 3480 1510 
27 9393 8856 9164 1422 4244 5211 8918 2601 1317 3894 9444 4217 7018 3982 577 8457 4488 9124 7423 6153 792 8683 4697 6461 4350 5857 4929 
23 9504 9045 1500 4520 9199 3282 1914 2256 815 8427 3481 3526 1975 4598 2779 3219 8685 4808 3681 3945 7166 8622 8594 
20 9707 9487 9042 2591 1716 9592 5094 2332 5083 4258 8936 4827 625 4253 6826 111 3310 6576 8453 3723 
17 9913 779 9330 3145 1714 4430 5778 7886 4345 7875 5175 471 8875 4215 2853 5095 5141 
27 2465 5562 2245 2464 4021 7941 3622 9478 2164 3986 8105 6165 8470 4809 174 5479 1124 5993 829 8388 9893 8276 4412 7283 9552 5760 5988 
36 9976 1372 1689 1222 4643 7916 462 9264 6106 3845 3463 4290 278 2017 4715 370 5271 6811 5966 7371 8632 8852 7578 5078 5505 2709 2460 4570 6177 7863 9198 9095 1115 6266 9176 8054 
12 4379 1691 3835 427 2391 8867 4383 9169 8226 1210 2848 5173 
21 3607 5228 2665 458 3851 9192 7392 9779 9142 6583 1566 6854 2563 3628 6755 3144 9856 925 6194 3207 9476 
21 5497 9234 5310 9054 1748 2621 6231 5529 8813 1486 8469 784 5142 5461 6074 5459 9596 2238 8001 1019 7173 
31 9847 5480 9944 6380 6062 9248 4594 6140 3592 6619 255 8140 7220 405 4168 742 1567 9740 7362 4026 496 1811 8977 8558 1754 5354 2136 479 8893 7537 8490 
28 8878 4164 4349 7034 1529 7276 9952 1166 6915 5559 2546 4947 512 9727 186 6590 9699 4612 5492 620 5924 8114 7539 2823 7343 6365 4424 6294 
25 9752 1113 1121 6473 6000 849 5593 7370 2374 5005 3470 8775 9988 2364 3406 8258 4102 8241 3198 7625 9206 4928 8602 4996 3664 
24 2735 4221 2504 3201 3212 2039 5558 4925 2274 1696 335 5215 5346 1036 2255 9794 3100 755 5867 5545 8541 9614 795 8131 
20 9084 4528 5451 7998 6708 9541 809 2445 2892 7960 5022 2803 5509 6028 7597 9301 8666 8948 1137 4091 
18 7429 202 543 9722 4770 8299 694 6720 4304 4146 6489 4967 966 8919 3676 2610 1898 4069 
25 7657 830 4957 4372 7777 9263 9505 3133 249 5473 8906 2175 1154 2644 9616 43 7930 9161 5828 5056 9986 4149 1699 5931 1343 
22 4090 8575 7994 8236 225 5465 7234 4634 9319 9607 3645 3404 916 545 7388 4191 6812 558 4313 7664 2100 9831 
23 3442 5214 7430 6567 7934 64 6197 3210 9300 9800 9407 274 1668 6102 184 2676 5355 1032 5197 6501 4998 3093 9472 
18 5693 5668 9511 881 1982 8129 7063 6528 591 1706 6889 140 9057 911 901 5973 1439 7182 
25 672 817 8426 364 7737 751 7135 6359 3930 4623 8023 7502 8383 5730 9083 4919 7531 5220 3330 7044 3046 8070 2540 675 4622 
30 6822 5112 2690 5212 9190 6825 2741 1864 659 1302 9687 8901 7918 8460 6820 4212 2721 905 2162 2974 3153 4216 4943 229 182 6834 2287 1579 6613 5665 
19 4494 1518 4973 6842 3433 8546 7785 4027 2661 7037 3278 6921 2051 4646 9231 8759 7317 1195 962 
24 549 9463 9282 2973 9586 1886 7445 7207 2534 9230 8841 6823 1094 9400 4847 2868 3587 3642 3800 4534 2490 259 4779 1614 
29 9619 7704 9691 8892 3050 6392 552 7118 3373 7316 6238 9240 4096 5801 5016 4198 3359 7061 7322 6557 2342 3831 7634 5207 8797 5753 5446 9700 2276 
26 1305 8737 189 7081 2048 1561 9155 2205 279 149 7206 6030 798 5832 7771 7128 931 5085 4627 8942 73 1481 2253 8385 9317 4803 
24 9563 8747 8609 9647 7515 2885 2921 2622 2370 9355 1857 974 3353 6960 3091 5277 5231 1080 38 5972 1813 5964 9765 8770 
31 6263 315 4661 4673 2235 7883 146 1281 7534 6290 9783 1435 8025 3979 8855 4902 9665 8676 8047 6295 6766 3094 6640 8837 9058 5246 5812 7831 4446 7937 939 
32 5192 1655 9680 1723 3220 4101 9429 8176 9028 509 7920 1061 5556 5314 1402 1034 4950 3484 7313 7072 4732 641 2890 4480 6599 1506 2372 5096 3978 4354 9669 4320 
17 3055 6159 2074 8970 8998 524 8916 3494 8532 5157 703 9621 9518 4707 5432 1940 3857 
27 1097 2784 245 854 6615 1458 5998 6103 3075 9987 4772 7823 7077 4073 9919 434 3045 1670 6841 9973 8658 4183 2114 3627 3819 7151 9638 
30 4601 5359 7253 5457 7216 8780 3505 4456 8017 3356 6622 7260 914 3013 6219 5035 3582 4961 426 7526 4151 3273 5822 1495 3003 7618 3871 2300 6210 8022 
22 9003 739 8739 9631 1111 1817 808 7525 4340 4620 4000 1727 5722 4122 8496 9522 5916 404 7431 4484 5889 5230 
28 2247 9666 2198 348 7019 6066 1048 3498 9160 9554 8997 7076 6504 2522 8907 3320 6500 4081 2647 9840 8908 4968 8503 1278 4927 2312 4185 1705 
12 2015 6924 442 6547 9510 4395 3431 5560 4530 3265 3984 8217 
17 4742 4184 2984 4477 2477 3429 6426 9789 6684 4684 9762 9695 6972 6411 3106 5883 4103 
24 700 1143 969 5903 2179 880 2722 7645 6617 1140 7520 223 5963 5513 7973 2860 8287 4110 324 480 8451 1425 5653 9536 
26 423 2006 1973 5554 212 9353 4376 5156 9346 9482 3007 2841 8307 2765 8599 2708 1996 9453 1413 5177 1374 5833 4049 9558 3032 5606 
14 8518 9392 9082 6829 1827 4801 3788 4755 237 9404 6434 7758 1304 8210 
27 1273 567 3758 4154 7221 1875 7065 492 4825 3065 4941 1116 2190 9348 2943 7598 359 5203 2092 9857 8999 1726 317 6981 5874 9214 5020 
32 8731 3891 6208 655 4297 9738 992 6247 9394 9652 485 3394 9881 7647 6920 9460 4912 4810 4076 4262 3926 5255 2517 75 6524 7639 1059 5224 7154 8078 4479 1001 
21 6689 3510 3885 9457 6313 3261 9623 4689 8598 385 6543 94 6791 1505 2029 4492 3250 7722 5362 9220 424 
19 8890 6669 330 645 422 6346 6484 461 7805 9911 6793 8065 3733 1303 265 5813 5296 8 9569 
31 9514 9347 4546 4910 6409 4003 1201 5503 6402 8719 8968 1197 6610 936 3186 4235 6415 7819 356 7099 9275 4001 2816 6980 2339 9154 5248 4157 1488 9938 1559 
25 2720 1492 5307 8637 4411 5069 4699 8164 3790 4086 8627 9103 5958 6486 877 8954 9989 2727 2743 1185 4610 4700 4725 5538 1558 
18 7861 7575 3830 7787 9477 5409 3439 1721 4584 9729 5105 4282 1695 9658 6083 6397 6233 7671 
23 3090 9579 3026 1215 8597 3729 7339 3799 1638 1464 1424 3163 5651 5072 5969 6813 2785 5132 9119 6554 4240 7756 8913 
22 713 965 9744 8791 2952 6026 4966 5441 3752 4259 9718 6990 9053 7003 2392 6046 9426 1427 7983 1658 7026 8332 
29 7936 832 2105 2304 9833 9357 3230 1531 310 2228 7262 684 3961 2269 7345 4222 8318 1049 3726 6781 7426 5423 7158 3260 9486 5937 9876 1204 4750 
28 6277 3249 7129 6877 3024 7546 7666 9625 2352 9527 8300 4415 8869 8645 8312 9611 1922 235 4768 1027 4979 173 9506 8362 1856 7678 1923 3812 
27 203 3786 3632 8133 8419 9492 7663 9948 178 8644 7770 7122 857 2808 836 3101 7735 9470 4535 4452 6224 3599 2466 4548 4134 2073 398 
23 5934 164 2776 2075 3694 2052 65 3924 8400 6527 1468 3473 5597 7958 8971 2420 71 3206 4295 9025 2411 8163 8147 
13 6901 9323 6837 2317 1917 9995 2849 6723 6096 9290 6242 1226 3619 
24 6815 8262 2026 8434 7554 4658 6476 9073 6443 8688 2443 7331 8476 1853 6314 9108 7242 5676 8934 8724 6914 2032 9097 3883 
27 7070 8151 6188 4347 636 7532 3466 3997 3432 6462 5911 8881 2197 6469 2991 7584 3337 160 2858 5315 4306 2812 5935 8275 2608 4319 8377 
30 4679 8157 69 2167 8085 2060 8353 4130 7812 5009 6885 2766 8160 1538 8006 7995 5084 3171 5206 573 5467 7540 1367 5148 2157 12 2492 6853 3313 7223 
21 5445 5804 9292 6339 6205 5093 6117 7897 2619 7212 9041 4757 8702 5272 7885 3298 8607 7649 1230 4951 9281 
28 1105 47 1997 6575 2660 6744 3867 6850 3474 575 103 3142 9175 2739 9572 525 8757 3472 8032 9063 597 9568 1680 1015 5647 4883 7335 3478 
30 2883 4706 9137 2106 3795 2323 6705 6133 8631 193 285 2614 5364 1761 467 1918 3682 8525 1329 7747 9551 6508 2822 7432 7395 8879 1633 3518 1139 3618 
26 3817 9920 7117 874 9890 2881 9751 7680 2272 3714 678 6436 7130 4459 3495 3841 1989 6525 1155 207 5528 1795 8279 9940 6492 5859 
18 9305 1276 3058 2473 8973 8638 387 7926 1941 6282 9786 2416 5319 9519 1225 5731 2794 8319 
19 4059 1738 2270 3874 130 6641 1255 4718 304 4471 8621 6612 7250 1895 9332 4864 7359 8468 8463 
25 1138 9935 5487 9627 3991 2112 2999 3338 7004 399 7062 256 2777 8049 2299 771 1806 9807 8734 4391 9689 5439 5239 7228 737 
22 5324 9166 9401 6296 5799 4713 1859 1779 523 5462 15 2513 6036 9983 5442 6167 129 8478 3488 9129 5413 1088 
22 1867 5500 1995 4807 7337 2044 1985 8542 7453 7691 6848 8788 3722 7796 8261 5284 1750 1183 2199 3649 4557 362 
25 4758 9869 8348 5351 5656 7110 3513 3227 1466 586 1042 5577 5877 470 1388 7887 9756 6887 1039 1184 6032 9014 2286 5592 5723 
29 311 6654 5113 3603 4285 2250 241 7041 6491 215 9790 8721 4906 2129 3747 7273 855 5681 5793 6372 1829 5338 6761 7074 3486 2458 3304 8278 9906 
25 6381 7810 6884 6304 8548 95 4250 6903 4318 380 7103 7176 1429 395 9826 6785 2749 2485 3355 1089 1440 6427 981 5634 7376 
27 2917 9805 3875 5892 6537 7411 5087 3099 6268 6319 2710 5976 8933 9816 1519 3955 2195 7199 9040 1608 228 9309 1419 131 3836 9753 1722 
13 6706 9949 7692 3958 4070 9232 6452 9955 6226 3805 1298 5706 3246 
28 7957 8020 1734 3989 9830 5699 8554 6173 711 7830 8182 5317 9049 963 8280 2350 7439 5165 7480 2469 4465 4458 314 2683 7565 7356 8120 6439 
20 769 8370 3779 266 6971 2884 6333 1584 8807 5154 7935 5391 456 7400 6787 2028 9279 8092 1114 2583 
27 519 696 2742 4255 1313 3542 1245 5803 2866 716 4921 4582 5420 6149 8439 1890 1858 1126 5940 5281 1759 5127 4189 9749 6118 9396 1150 
21 5717 2982 8665 4355 8062 3469 8883 2231 1682 5705 814 8732 192 1442 9502 8295 1801 2353 9642 1234 7951 
27 4071 248 9105 5957 4544 8030 1415 8895 1871 9139 958 333 875 1011 7674 1775 1432 2201 7358 4931 4261 8507 3128 316 5455 247 1948 
26 606 5779 6526 1246 3901 6864 3285 6821 8540 3340 1988 4351 3446 2102 7449 2668 6254 9491 8230 6355 526 7481 6390 1403 9797 6644 
28 8708 8566 6765 5158 156 6283 6094 9741 7334 2893 5163 3992 6779 4093 386 8565 4960 3943 7482 7038 6899 6892 8825 9637 796 9834 7731 1701 
31 3549 5227 8978 1777 4396 9209 4605 8378 294 9639 9667 9934 4533 8289 6799 1041 2237 7581 6264 4932 1554 1916 2620 7511 7780 5321 5623 6569 1841 5449 2597 
33 7499 7028 1491 9065 8937 4485 1880 374 8018 2412 408 2796 134 801 8387 6124 1906 503 6256 4719 6144 6586 7450 6890 9606 5960 1366 299 7136 2730 2224 8654 4846 
20 1776 3541 9286 5375 876 6134 2281 5278 6459 686 3266 996 8161 1477 5111 5594 1334 8943 3762 9532 
28 3307 7638 1054 9735 8042 9033 3205 691 934 7613 8339 5289 1861 2729 2837 6773 5805 8738 2587 8886 2889 1238 2968 1354 488 5159 8865 1293 
25 8477 6329 4246 2497 8653 2696 9186 949 4247 6677 7493 2229 4279 1555 9224 8107 7966 7623 5549 289 7290 2113 6917 1823 6479 
24 6663 945 3972 8037 7912 6659 2479 4317 6830 1596 8045 7945 8754 7022 3658 5797 3814 4633 2886 4408 637 8138 5697 6221 
25 5235 8902 7580 1792 8155 3732 3721 9564 3418 8851 2680 5219 4564 3570 3135 9462 6996 1493 9318 4571 1375 2549 3809 6191 1569 
30 5300 3697 9090 7082 4507 1977 2706 546 8687 5247 2218 594 4647 6020 3397 2263 9188 2496 4933 5414 7774 5609 1575 8684 7577 3349 4886 2806 587 1547 
25 9409 4223 1251 6749 8995 8188 4555 1968 8038 2373 5694 2545 4835 9059 5643 4193 8479 148 8341 6950 8080 8156 4332 8044 3880 
22 8950 780 7884 8831 9537 300 2543 1299 6751 1810 624 2561 3796 2632 8048 4169 861 3964 6448 9061 9818 3975 
24 3167 658 8458 109 5295 135 172 3036 6101 1709 4539 1591 6184 1167 5741 4334 4573 3131 7963 5469 9010 1731 5661 3749 
28 563 4414 6202 7572 5620 3082 529 3970 4384 9963 3314 8148 1911 561 4747 1065 1749 9688 8623 9904 5493 9443 7127 8238 8260 2329 1958 7601 
28 9679 2838 8629 7690 1949 7535 2110 2498 7909 8935 257 5925 7723 4831 4176 6400 9895 2202 8356 7084 1808 1788 1482 6693 8717 9646 4311 6650 
26 768 8338 498 9314 1627 753 3949 5847 4871 7727 6114 5134 8166 6552 3130 4804 5984 9448 3004 6709 6935 7367 8853 2703 2502 8618 
32 5860 1194 3849 6410 3490 57 6818 8194 5853 4063 5994 9701 7822 6800 2829 2151 683 2805 5102 1000 5502 5274 8281 4681 5696 8399 7139 4418 7996 4040 7146 6494 
21 8758 271 6338 6523 1762 9177 7187 9441 4114 1188 8361 4280 2004 3360 7942 7031 9746 5685 7310 8980 7460 
27 8670 7709 6662 1984 4624 439 9620 1884 853 8214 929 3127 10 613 7904 1321 2081 6531 1401 5010 2146 1404 3861 8355 452 5581 1006 
23 6916 7320 5124 1494 1412 7197 8033 8830 9433 4515 736 1394 2631 8153 8873 9870 5524 7721 8052 1107 1969 3535 557 
17 9888 2804 4701 8268 8004 6171 8343 114 8975 44 2363 3944 9921 9336 4257 9461 3643 
10 6807 6180 2282 2971 5530 7491 9048 4054 9196 7115 
27 2316 9469 6711 6634 6985 115 3981 1376 5709 4085 4204 4312 6679 7541 2590 7360 4524 4738 3706 1742 6166 4577 1739 7073 1514 7138 7133 
26 2061 1804 9483 7628 6512 4709 2368 8401 6120 9436 6513 22 4663 7962 7107 4870 1449 9883 7306 1998 7241 8866 7268 3797 4286 8612 
25 5086 7020 3601 8786 4986 5437 8225 1800 6726 9884 728 5561 8390 6077 1423 4581 5886 2131 2725 1848 5749 6998 690 1456 6111 
25 4058 19 5241 40 9268 6437 3761 2737 8475 2978 5166 8628 7417 7504 7175 1370 3662 1919 848 8894 307 9676 6685 7719 6458 
26 4618 7287 6752 5369 3739 7382 6270 7746 5426 6898 2713 9421 1283 2344 3551 8076 6620 5573 6577 8634 4416 3252 7281 5408 20 7093 
25 7929 6199 6740 4048 210 1272 8681 8652 2924 9388 7501 5092 2923 9880 999 2996 1026 9865 4201 8392 574 5707 5325 6721 181 
31 7561 2782 417 950 9819 7162 3122 8860 2760 8125 2063 9023 4942 4454 7418 5882 2757 8016 9122 4849 9253 6624 1390 6005 5949 3971 762 4393 3665 4268 8874 
26 7401 2233 6786 730 6029 306 4659 6399 4270 5452 8533 5670 4358 260 6249 6738 1711 3769 6835 6976 2182 1938 9484 1287 4057 3559 
34 2384 5686 6425 9450 1146 2753 9101 1521 3829 2104 3948 5004 887 7734 2611 9212 8442 7124 9039 3342 6126 2655 5585 5363 9445 1091 1127 4702 7946 9446 3238 7899 6060 1378 
33 4855 5572 2470 4880 1346 2126 8228 7457 1309 121 5933 1603 2042 8571 112 6863 9162 4597 6429 2499 8771 2487 838 2347 3063 2624 1398 2161 5395 7057 818 295 1212 
17 273 2324 5990 4635 4815 4720 2654 1799 7940 3634 336 270 7519 6401 7083 108 5825 
22 6831 2511 5954 3915 3906 8112 2802 6156 8229 4087 4368 8822 5968 2012 7815 6671 9365 5671 6383 8625 4795 6384 
38 9325 6912 3147 4196 8588 8772 4645 5366 560 1768 3247 7697 7143 5700 5380 5486 5122 283 6122 9112 7802 5796 331 9723 1821 9728 7514 3357 1878 6183 7261 3703 5269 4785 8581 1576 4606 9796 
17 3444 4068 1598 6775 216 3808 8513 9423 3908 8972 9437 5418 885 8723 3837 4230 8171 
24 5769 5818 6450 1908 5291 4017 9143 7296 6326 1277 3813 4850 1672 6079 6303 7851 1807 5144 4922 2349 7869 5718 6665 3259 
24 9140 2717 9654 2825 8795 6871 4792 2453 8373 7407 6064 7125 220 9969 6169 6259 6592 1600 6700 6573 4741 6664 1939 8941 
24 4948 4782 1430 9763 6571 8428 6888 991 8601 9193 3700 8050 2295 868 9578 2475 4422 5791 2689 1133 9690 8174 7742 3346 
23 8703 3170 8274 8093 6966 9710 7263 8101 9809 4857 7806 1819 6187 589 5518 6499 6084 9891 9787 3677 1454 2322 3929 
33 117 4693 2788 989 8034 3169 81 7415 1104 7383 8547 7237 744 2684 9862 8920 253 5456 5270 8531 520 9342 5194 4361 3189 2726 8423 8195 5404 9850 8424 7586 6016 
31 7913 1228 3596 4455 7648 6474 4410 7277 8529 2386 8266 8801 2393 4470 3556 9917 9821 8170 2047 63 1657 5938 9115 2707 8066 4401 5869 1636 6631 3520 7303 
28 6695 6529 6430 2856 3789 1365 7636 4400 3952 8981 2906 5907 6642 7763 3610 7021 9163 4067 7646 6686 2911 7033 995 1877 6653 6520 1359 5273 
31 7040 4583 7180 6155 1208 3866 7579 6601 9570 8585 2095 3843 1820 9859 7341 4009 5872 8284 53 9866 5128 9961 8417 6852 3695 1577 2529 6107 3995 8487 6881 
32 3855 7293 3116 3414 2754 9100 9678 5014 6746 2648 7474 2234 2901 4055 1308 8545 3392 3973 9835 9295 2236 7728 4650 3563 6690 2488 891 6207 7991 3688 5848 2813 
22 3371 6168 4080 1233 4450 643 6374 7715 7078 8026 3959 4190 7454 1125 619 8172 3363 9066 5066 389 6725 1653 
22 8329 3200 4228 4115 5917 2207 9604 2407 3496 5306 1328 1870 2189 261 1789 2980 4166 8231 5232 2449 6113 4374 
26 9675 7668 2041 1910 9832 6989 4256 2652 4328 4828 6904 6680 7781 6043 1235 5168 7528 8002 9415 5762 8208 7947 6676 6470 2130 5501 
28 6198 9046 3208 6206 3462 2036 2787 5690 9159 3685 3731 4301 2835 7627 2863 4335 7982 9102 5427 7893 6687 2306 1362 9910 6311 3140 7953 5436 
33 9449 3176 1142 1904 6984 7208 102 7479 1109 382 2107 2065 4722 4489 5862 8199 4382 6318 6697 5416 2555 7238 571 2002 1244 4431 4434 5578 7717 7977 9936 8884 4124 
19 4307 6139 2357 1869 3966 5477 3663 6570 9912 1947 1470 3597 6713 946 4963 3332 6988 9672 8663 
31 375 6053 1564 3602 1863 3583 4862 1537 5557 5809 8798 8659 776 2595 4407 3613 7653 4694 9946 8081 9591 5542 653 5266 3864 1665 9427 8082 1570 685 9329 
20 1040 9071 8059 1239 9133 2515 536 6987 8063 3121 6581 2099 6948 8438 7095 888 7295 8744 6516 8235 
28 222 9852 8209 2422 482 5920 4629 8079 8412 2191 1876 7791 7340 5943 3152 4974 5906 752 1092 9149 8639 4814 4283 2734 756 1148 2172 2463 
26 1005 1530 656 3370 66 4371 8257 1179 281 4787 1774 6378 4660 3072 5870 7921 3897 2701 1258 4766 1849 8251 3965 298 4909 4987 
25 9550 7455 2603 4170 5425 2686 8445 1487 1509 9132 8485 8239 5389 1047 9902 7583 7071 4837 7157 7218 7452 9601 5551 3994 2208 
27 3555 3202 8462 3263 5234 4914 660 2857 9526 8007 8253 4033 9593 2486 1498 3517 1766 6100 3192 8132 4556 2521 4752 70 2280 2773 5253 
26 1135 5808 7804 2657 4153 2216 3038 7284 3181 1337 6116 9337 2340 5548 9269 5522 5985 347 7644 5276 1954 562 1129 472 9227 8957 
31 3578 3333 6745 6307 2132 7342 1583 3904 2758 8624 2535 4106 5104 5600 4710 7521 1171 9386 7923 6229 6651 9582 706 5989 1483 4380 9956 2133 4649 3514 5225 
24 5424 384 7142 7620 1767 2851 9278 4881 4730 3234 3331 1502 7760 9258 743 4949 4148 7681 2879 5204 948 4451 6 3402 
34 4894 3608 1874 9267 5636 3426 1667 6648 3194 2771 6597 4300 7169 3624 6223 3070 3925 4365 534 6483 4097 4936 9312 7590 5765 1462 9088 9772 927 5596 6147 5855 8947 5415 
19 920 8871 9219 9085 6873 3968 3455 2719 7556 9327 9515 5448 7838 6072 4545 1802 1472 5682 8556 
27 9799 7116 5771 718 6771 3319 5187 3802 2385 2035 2972 5725 8534 3221 4547 214 2834 6464 4341 4708 2380 750 6957 8514 1336 8096 8137 
30 2559 8227 6255 8285 1175 1835 5830 5679 1159 2607 7384 1822 1387 7353 8689 5383 4817 5840 2617 903 4427 3350 6440 145 371 3687 6258 5390 391 2818 
25 6541 3017 601 5054 5371 4786 5982 7988 4989 6838 1389 1907 2244 5216 4442 701 7706 6230 3937 2807 6895 1585 8858 4897 3631 
22 961 8447 3068 9925 7309 8218 8755 9709 4549 1629 1885 7848 7890 8340 7841 4763 9520 9259 5714 9545 4955 3569 
29 372 892 1218 92 8671 921 1912 2989 865 5386 9001 9368 9205 5785 859 5052 745 5570 1678 8846 5546 3479 2379 5399 5846 1536 9004 2845 8710 
20 7952 896 7555 4838 1391 272 8551 3772 3377 6774 9547 5851 45 2820 337 3941 7523 1698 9993 2508 
27 3654 8699 9696 9562 4595 3760 7729 7679 1595 7971 3909 777 4038 8074 732 1296 8335 5336 4051 7925 605 1172 4275 7950 5150 758 3064 
24 24 8224 5757 3616 7209 6643 6098 6910 5810 1690 8779 450 7616 1780 2328 3440 9125 7845 5145 2574 4908 491 7784 8397 
24 2869 3294 5120 9135 9138 5724 8761 9044 7414 6974 1720 2461 7056 7670 6050 4037 4129 6606 1467 7964 7801 4273 3335 2926 
28 8962 7064 5387 8021 4833 3512 9297 7874 4050 2442 4615 8407 4796 5708 6104 8345 4464 940 4004 5110 8900 4991 3911 7257 4580 9977 170 6453 
17 4637 3910 448 5601 8615 2160 775 6163 1297 4491 538 7149 9350 4816 3516 5447 1582 
25 4150 8440 8823 3783 5012 5674 2745 3532 5899 9222 147 8244 537 1782 9233 9958 2030 1151 2918 2824 8483 7054 2165 1728 4691 
18 6115 2528 8314 6286 5496 6660 6894 3087 3552 3464 9942 5162 8352 7163 9454 4904 4490 7713 
18 3988 3793 23 4236 1532 8109 1715 8381 2552 8528 3401 3318 4737 5884 9854 4269 5839 2007 
28 5885 46 4331 5514 6379 4472 670 4440 5313 7551 3553 3920 4389 3598 3538 2303 2232 9892 8859 7589 7059 8790 3274 7350 6465 6405 3588 4243 
31 541 8459 9806 3191 8368 7203 6407 5844 3896 2875 8444 7987 8293 5155 8437 3674 7419 6289 1533 8885 2427 785 373 6330 2249 4413 4324 3390 3347 9776 5571 
27 4143 7188 8832 6245 4920 7190 9737 4227 377 6582 816 3308 3574 688 7094 6061 1933 6560 1033 2772 5759 62 932 2592 9711 9650 2819 
36 6228 6794 3160 5205 435 7574 7867 6352 169 907 7933 4819 6579 7271 1790 7749 3757 7259 7368 7914 7786 3736 6572 4868 8117 2071 5961 3407 9898 429 8454 7603 900 7906 3679 7161 
28 622 5218 4352 3129 9349 9657 772 6460 8815 5268 7587 5171 8031 1604 5852 2097 9991 3151 8592 5774 3504 8765 9887 4995 9773 5604 2509 2840 
35 1833 3773 3396 168 4686 640 9871 9180 8273 4119 2640 9151 9612 6248 8563 3141 2016 6707 4025 5525 4529 941 4526 5103 3019 4812 1893 1490 1173 2628 5130 7673 5494 3838 4160 
28 6961 8158 2975 6804 1527 4482 6856 7232 6580 9842 1250 9249 7829 4677 9992 3341 5532 3877 8495 9899 7258 6419 2070 7307 6007 9120 2821 7289 
32 29 4511 1010 3594 6446 6244 7256 4441 6882 9844 3231 194 9534 5292 9697 1901 2913 609 2489 2101 393 6369 9931 9622 7427 3180 9210 5652 4339 2243 5666 9517 
16 1664 8953 4014 5527 912 6447 2213 9780 2142 7015 3659 721 9905 4399 447 5543 
34 55 2942 4575 4299 4938 4887 8118 9035 5713 883 1338 2241 1946 8291 8492 7999 5350 7121 5680 673 2650 3954 9414 1517 5928 3633 4363 1751 2843 8580 535 7123 1306 1020 
29 9523 6123 7677 2639 1465 2900 7134 5603 584 9056 5658 8590 2850 5908 3919 3283 9966 2733 7852 1083 1616 9310 6934 3162 204 6598 4242 8726 5508 
18 9216 3445 6023 7010 9019 4105 2206 3811 5305 9418 1416 3081 132 9982 3515 8467 5348 8106 
29 9283 789 9974 1697 150 933 6089 6896 4006 5619 7267 7967 7205 6522 3300 3828 9801 9017 9565 8839 6623 3427 143 3275 7269 8249 7496 2441 4662 
20 4842 1637 6558 7846 6164 4875 1685 3807 1686 3468 6801 7377 7661 735 3956 8912 167 5834 2046 4337 
23 2576 5983 4666 559 646 7171 4503 826 175 9377 6540 5520 5183 851 1763 2258 6477 8321 8391 1497 4723 1087 2169 
23 4346 2589 726 8803 1474 8938 3770 5915 5567 9167 196 3251 26 6505 2634 9886 2215 6637 6362 3882 7214 4267 9736 
26 1888 7585 9316 7000 2663 9836 508 9106 9229 2938 6463 2501 122 3052 6846 9704 7397 1824 5827 7979 820 1881 2302 4820 4799 2134 
30 734 7948 5060 9503 6480 1631 9566 6161 6857 4964 7570 1956 9630 9930 5687 3483 3777 8248 1851 8805 8461 5153 631 5657 7959 1190 3417 8404 6241 9573 
28 3149 9546 7282 8263 5033 7931 8662 4104 3295 7755 3606 2341 6862 9571 8015 1025 6510 827 6632 1347 4609 4672 2223 4563 7165 2152 5280 3528 
28 7119 9544 9965 3544 5756 8486 1282 4802 8212 2955 5482 4903 6604 3568 8821 7855 8709 9367 3096 6354 664 9036 5831 9390 3080 3718 1642 9766 
27 4214 4088 476 8504 9273 6587 5160 8075 7614 2082 3150 5552 2682 4736 632 2091 1243 110 7050 8949 9771 7489 4364 6993 1084 8674 6152 
31 7862 2424 9246 2605 7380 6034 4344 4965 2580 5032 7321 5396 8473 682 1654 1164 9111 2687 6704 5199 2387 8405 6071 460 5641 5129 7349 8282 7219 8939 7375 
22 157 6658 5746 1970 1503 9002 91 3098 2314 3905 3767 7285 6530 5136 205 1007 3015 3626 1120 8429 3620 805 
35 2986 864 9255 5025 5888 1693 986 704 5374 6946 6121 3225 4394 5172 9706 1854 2567 9422 2003 7622 2149 3132 8084 165 4005 6275 4508 2905 2277 2940 8641 6819 6271 2586 9326 
21 297 4537 4200 2495 977 7246 1181 2527 7066 1785 8099 2945 8872 9682 813 773 1174 4444 6421 3870 4811 
22 1978 8203 4704 2505 8984 1364 4062 1897 7672 9351 928 4997 9428 6945 4234 7486 8330 9932 4527 4760 6349 9990 
25 3103 1630 7428 7372 5107 1845 9858 1725 4167 5373 3534 7288 8986 1535 8583 8297 604 4678 33 8923 5563 8371 3400 1290 5029 
31 5341 1406 7230 7255 7876 5621 6261 7682 3657 2054 2467 8904 8799 9998 7630 5904 6014 9653 8436 1017 340 6661 3815 6284 6964 3040 5254 2456 5798 9577 5944 
24 2912 1860 9320 9628 2992 7686 8298 2171 3784 7387 4353 5610 6883 5999 8108 9597 668 8466 1426 7660 2671 9371 8374 7714 
35 3281 8965 3826 627 8328 3403 5017 2261 8167 4356 4617 9980 3173 5256 2021 8741 3416 4251 4890 3161 3352 1965 6175 4748 9588 7200 1270 6992 8000 1379 5435 4162 3690 6507 2627 
25 5716 7553 6875 6503 3636 1553 952 4089 5992 7743 663 7871 9683 1373 5164 7333 5893 9413 9126 1028 4288 9260 1669 1288 8119 
24 957 1489 2399 8868 9761 6009 2394 7761 6907 2309 6728 2854 449 4461 6267 1265 3523 5947 9032 8752 669 5312 1758 1003 
26 6724 572 3364 4588 7837 1016 4532 6861 1753 9185 8141 4165 27 124 1894 5397 8570 6487 5075 6991 763 4079 662 6968 3791 8113 
22 445 7975 6003 119 8682 6719 7558 4398 3155 30 4667 9994 3222 1132 9877 4423 80 7291 3107 1887 2770 9380 
38 3693 3540 5006 7248 5777 7226 4137 5662 2551 1331 8617 4971 4628 7809 1681 9758 6939 238 7046 2084 9239 9181 2389 2334 5196 9050 7254 6878 9468 269 5037 9585 13 3288 7968 7772 8057 3286 
26 2020 6150 2963 481 8146 211 378 6048 5170 6172 137 8494 5901 6678 2390 8958 2950 42 1187 4740 2894 7420 6370 9093 8394 6288 
24 8395 661 7086 6645 5751 141 6805 9539 8686 7794 6190 6548 5309 8246 4385 5488 5781 3243 8983 6300 9013 8142 4905 5758 
25 2008 1024 4806 9576 9742 1443 3421 947 4266 5026 754 9583 1266 731 2354 6555 4015 5936 1360 7053 4287 2318 9609 7131 2117 
21 8406 9649 8586 9104 6340 3232 74 7592 544 5608 8193 1396 6730 2959 7217 812 1945 2560 9594 9021 1180 
29 5598 3409 3291 5535 6265 9512 6438 5433 4798 6737 2292 897 5372 1428 6806 3847 4970 2087 2494 2699 2265 3166 9339 7833 2764 926 3780 7459 5841 
27 3030 6879 6550 483 1647 8259 9276 369 2790 2108 1433 1960 7389 582 4985 4632 6509 3684 4254 6551 4797 8899 99 1147 8363 5876 9304 
20 3471 2395 6218 2366 1967 3077 5191 3235 6608 6431 8162 2723 6017 8818 1437 5429 58 1479 5434 590 
34 7141 3245 5991 9274 7465 5711 856 6764 7840 5050 6274 8603 890 6345 8661 1626 1772 8656 9548 539 3707 7536 3001 4175 3226 3876 3683 6435 9567 1619 1809 1961 2618 4865 
17 8102 6741 7236 7557 98 4613 6584 6809 4366 2842 2958 2740 1471 5475 2746 1903 7813 
30 8840 9402 2436 6125 7444 5650 4607 7456 5824 1198 2089 5464 7599 4369 7853 2936 2662 7675 5742 3209 3089 5365 1540 1675 6792 1350 234 7985 7042 2839 
29 585 1883 7373 3537 5263 1441 97 9812 2343 5764 8288 1831 3256 5728 4876 3935 8402 1405 3312 1526 2929 6468 869 5667 1683 2211 8152 6943 4177 
28 268 4826 4481 9923 3117 2121 4767 2246 1096 3372 6866 8974 614 2308 1371 6299 1610 9745 7621 8056 2435 8834 2219 6334 3571 2200 4695 8921 
23 4495 7711 1407 8848 5744 9981 1110 8809 8811 1286 9853 7247 9096 7910 8756 4599 555 2815 1118 5735 6944 9146 6795 
24 1353 3049 1803 5710 6756 6420 6563 6454 3775 8782 9896 5635 3509 1688 4988 9943 5589 5498 9236 2050 7308 4284 2096 4390 
28 5406 1384 3104 1955 3381 8816 7174 9165 1511 7693 8058 2264 4562 6908 943 2414 5849 5326 6636 9235 2226 1400 1103 8393 8180 7300 4161 6594 
20 8342 511 3366 6698 1523 230 4019 2078 6240 4688 5384 7844 6673 8036 7739 9296 5065 9747 7002 9827 
30 5649 5654 9495 6360 7323 2651 8804 9062 9641 4775 1417 4784 8450 1420 5143 9542 453 2768 3061 6145 2778 7655 1397 5038 7421 4769 349 5599 1544 8517 
23 7640 5743 8323 3029 2401 3717 9419 6280 1325 1850 3391 1053 8697 2336 2752 5468 6626 8365 5912 1070 2450 2421 6514 
29 1528 5626 982 7364 6422 5914 5031 5959 490 5262 5385 5640 1832 510 5019 9957 8221 4039 5339 1434 6568 4386 486 8222 421 4126 6840 5790 2544 
24 583 1797 6182 2585 9962 7014 8510 1248 4734 9671 5715 1075 9914 8889 5463 4178 9098 6760 7989 7955 7676 9280 56 5819 
24 2941 2738 3311 7152 6618 120 4552 4800 3499 8051 7898 8605 9755 1451 2476 5115 416 8005 6828 822 3637 5591 9909 3458 
22 8204 7687 5237 2957 7196 8421 3818 6336 2480 3267 918 9213 1551 9047 9587 3804 7185 6278 8608 1213 1586 3887 
34 3025 7140 1323 9128 3334 6316 4602 8071 6078 7816 7808 4302 6301 9784 8745 361 2413 1889 4754 4674 5490 1621 2371 878 4822 2800 6549 8206 7593 4589 9467 4310 8327 8414 
25 1735 5858 3865 4980 5511 381 3493 6132 6657 3258 2568 8928 6769 6406 7757 9716 9183 8250 6763 9489 4325 1205 8794 644 1254 
30 5304 1438 5332 4794 7102 1508 5627 1046 5453 3993 5660 9928 5099 5569 7689 5929 5308 7351 9442 5754 6675 2572 1713 2798 1022 9147 2985 1408 432 5174 
31 4829 7198 2520 9927 1206 2997 9410 7278 2954 5702 2948 1045 7726 1934 1590 6298 8669 5071 8569 7974 2584 7858 7225 9777 9434 240 1599 4683 3858 2203 8850 
24 741 8055 5090 8088 2731 4065 4872 1004 3154 6414 6376 1990 4252 4500 9173 3678 919 522 4375 8877 3931 7881 4145 4538 
27 5381 7104 7357 1177 4020 354 8523 1475 6999 793 1383 8177 232 2756 4419 7969 3000 9855 681 2510 9051 3056 2080 8891 1327 8396 7986 
22 9979 8198 3066 6739 8306 5579 8827 7569 7366 1264 8134 8334 5417 2990 7189 9055 1659 7981 4774 4474 1594 231 
34 8559 2536 493 9543 5347 6742 9872 6757 3691 4111 2383 518 6970 6858 9148 4614 5975 1351 195 738 1666 2674 2575 5588 1484 8456 6193 8982 702 707 1677 7824 1082 2691 
25 6321 8915 5955 507 9130 7548 4593 4497 4895 3895 8760 4121 4486 6444 2947 9244 528 262 7970 2067 2550 791 5342 6087 8582 
16 3743 8169 2358 7179 4621 3195 3214 7336 3890 3423 3254 2830 2307 1663 6364 5179 
32 9581 4387 8277 5748 9804 3270 8367 2919 8245 4653 833 2086 4625 689 2139 5117 6778 1382 5979 4082 2500 2871 2616 5200 2083 5776 5544 2946 8838 4506 3279 1929 
25 1269 1332 4475 1838 8557 3976 199 8768 2927 2852 1081 4944 6905 852 3686 1229 3738 7832 2582 8668 8905 7767 570 9726 101 
29 6039 8630 4761 7922 3435 2011 8493 2557 8550 9000 2596 6712 2159 6891 7292 6332 8060 4360 7272 7155 6154 323 5264 4896 1074 7702 9589 6350 8847 
33 8520 8484 5049 2626 2425 4029 3974 799 9208 9574 5180 90 1307 3241 3159 6142 1469 6847 8946 226 6506 2811 651 1153 5750 7251 3702 9960 4735 1301 4729 3224 2376 
7 3457 3076 9060 2088 4367 2976 6015 
25 8728 8029 666 7471 8792 9951 3701 1733 2930 7762 6925 5534 6389 4060 9136 3856 6129 2068 250 5568 2267 5761 2168 8256 788 
33 4687 3358 8376 7792 4011 1587 1355 5169 444 3531 4397 4853 2898 9720 2141 9361 11 4682 1310 9824 2284 2895 5736 3217 3306 1927 725 3033 4061 899 7413 1377 8337 
28 3564 8302 7768 7637 6128 8530 7438 1453 2173 8027 2375 7178 366 5587 3763 7939 4739 198 6054 978 9399 9760 9373 4010 8861 8313 579 7795 
23 580 9795 3112 9466 4327 3675 6243 5064 163 7654 5040 6605 1071 6714 7405 185 4572 5648 9257 2266 3638 4308 3134 
26 6649 1593 7249 1240 1 9195 5100 138 3862 2248 6253 7440 1783 6629 9456 6025 217 3888 478 7695 3794 9885 8090 1581 9241 2755 
33 61 7864 9473 3196 7319 9705 6729 3623 8562 3079 4330 7990 6262 2762 473 1786 972 1606 3376 6090 4370 8196 9618 8633 3324 971 4859 8508 1295 9782 437 994 5504 
27 4788 8435 5517 8574 5516 9954 3451 6716 6082 7513 2388 9822 516 8126 8197 8596 7571 4030 7835 717 630 6817 5580 436 3923 8265 1962 
24 5161 2928 318 7097 208 6056 4892 4916 866 126 17 5059 8730 7027 1574 5842 9580 4179 7416 7458 4611 9507 2019 4120 
29 6456 9262 4123 3524 4274 5008 5039 3293 151 1513 8576 1314 8359 9091 3844 8039 8286 9825 4655 3884 6040 5691 3037 4509 7744 3886 2593 6955 7641 
30 8179 6656 4652 9617 2053 2045 7984 5879 9659 2599 9270 5444 7718 3233 964 3650 2451 723 2239 3383 7545 8643 5229 3303 8964 7600 4180 598 9878 3903 
31 6952 2538 6004 1640 5182 3057 9645 930 1620 1476 9823 83 639 1501 2960 8143 6033 7500 3764 1648 2932 2066 7126 4721 8240 4199 9600 4463 438 828 811 
23 7877 3138 5887 4202 100 2217 5238 1459 4937 2548 6777 3374 309 5605 2018 3852 4934 667 4140 7393 5646 638 3617 
26 7799 8149 3430 1963 2059 871 7724 9584 9298 7624 774 9378 495 1597 9363 7153 1385 5820 3048 2262 6621 5147 770 3405 1522 2609 
28 489 7108 8449 3833 9712 3102 1846 4195 9288 9496 2057 3031 698 9114 1534 1322 2953 3728 2014 7213 7859 3492 8320 7391 5923 1562 7467 4891 
29 9207 1227 1635 5377 8403 1160 7594 4523 618 6982 5537 5167 3508 500 8347 9730 8522 3382 5053 1703 9715 7279 1662 6482 4759 7017 566 757 6870 
20 8184 8713 9743 5287 9975 7778 1930 280 2417 8764 3661 1411 8845 7992 6057 5659 4554 431 3185 136 
26 8420 9406 1588 9640 9757 3840 7847 9817 9238 3085 463 2345 9498 1236 1976 1136 139 7656 7396 9907 8714 1242 5489 9648 5398 6063 
25 8675 7435 2899 5721 7779 6327 2031 2809 6727 7488 9324 1771 3689 7588 201 5217 1707 8828 5898 8677 2446 9555 2210 2679 7069 
27 6424 8425 2147 5719 4656 4990 4939 5101 6808 4453 93 5379 4992 8833 9651 1057 2027 1673 2155 1928 705 5922 5368 82 4553 8331 6185 
30 5245 6485 2455 4404 6538 5422 4913 7344 6962 847 4293 7508 8326 3977 9043 4032 9080 116 3448 2378 8422 2483 4462 8269 8635 6358 0 9811 3850 3380 
25 6160 1651 825 6710 9613 8796 895 4559 1368 2154 7566 1320 6556 8432 3960 7299 3801 6010 5752 7170 648 5322 2669 5077 4476 
29 7468 2512 8784 3921 2333 6024 5279 1644 4211 4125 9778 2859 1905 1964 4982 3136 3006 2257 7607 5755 1284 3934 834 8100 1356 296 3113 9918 9677 
31 1866 902 873 3821 9144 9702 4403 6672 9228 8296 5394 1499 2532 7106 9331 8863 3511 6320 6532 2085 5930 1196 5275 3716 3653 4604 5806 8538 7748 3586 1038 
24 3692 6502 8736 8573 3475 6297 1656 1123 6008 7797 4762 2615 5118 3725 5677 3467 87 5740 2005 5926 3671 2326 6585 8069 
30 8578 9996 457 697 6718 9549 7434 4205 475 3759 1189 6331 5526 2397 4072 1702 1834 9384 6105 1953 8969 6131 5950 5997 7089 6011 7039 5688 2457 8552 
29 9121 9405 2915 2642 6220 8940 6356 4749 1349 7856 553 3751 1431 894 9150 3139 3913 213 9708 7233 1760 8706 5555 1128 1837 469 4731 9717 616 
9 1993 1478 7055 9243 5345 3422 6322 3591 3289 
32 3239 477 9459 1326 1755 6272 7191 3062 5951 106 5356 1330 8620 9785 2526 9397 4874 7408 291 9285 3109 8781 2472 4743 3922 9340 8398 6045 6052 3218 5720 2897 
29 9901 4648 7355 128 3614 2751 9158 2667 2867 2122 3450 7490 9480 8010 5068 9218 5747 4501 5109 9455 3268 9808 2564 9223 540 7524 5977 6559 465 
29 7911 8290 1773 5540 290 6076 1079 3190 388 1710 6451 1840 6146 9110 1781 4092 3709 4460 3560 8584 1224 8930 9663 7517 9903 5784 246 5669 6521 
30 9411 3640 1090 9078 3680 984 2360 6699 4002 3449 909 2939 3962 7798 9335 5639 2177 7868 1249 8322 6768 1018 5146 4181 8386 3644 3742 7424 7058 8789 
35 1563 6493 3092 7172 3842 5584 595 7315 4858 1896 3044 8159 4654 6696 7842 6234 5259 970 4626 8763 9086 5980 2646 8727 2826 6472 2870 8501 2064 5003 188 6212 3928 9937 9916 
15 4882 3527 3756 8336 8844 3704 3365 5327 8568 3302 68 1899 221 2908 8430 
28 5902 4428 9595 7446 1386 2635 4007 5766 6639 8667 3710 4824 7394 3389 5288 2459 3670 7919 5775 8389 3914 5811 5460 8925 9123 8959 6518 3386 
30 7229 4781 7329 206 3778 5298 7900 3967 7091 6692 6940 6733 293 7461 1316 5360 7032 8234 7294 5807 4923 7658 764 413 4298 2625 5055 840 8098 2273 
32 4066 3276 6110 8207 6021 1601 3054 3669 8560 7048 2043 7381 3547 4893 5780 7510 77 3262 1291 4100 4053 9360 6227 9603 79 6195 9861 6246 6433 6919 2664 142 
33 6965 9820 8932 2641 3384 2118 1580 2600 6638 6013 286 862 8366 4692 2861 9867 1463 6478 9416 3074 5195 6938 5595 9204 6949 1764 6408 4813 8216 2423 1972 5900 9131 
28 610 5948 4665 5240 5091 1232 9972 9265 6909 4496 9287 8646 4138 7402 5320 7605 3912 2712 6324 4182 5638 1520 2987 1149 4516 807 7311 7404 
12 7318 9868 2242 1950 1162 1380 7696 6933 1952 8089 1191 5891 
30 2429 8967 2305 152 6357 6927 5701 9156 2156 7609 4224 3782 6515 7866 8650 3 8993 5002 1926 6600 2150 2419 3125 7067 4972 2902 8924 2878 2013 8452 
32 6633 1414 1784 7612 4437 6239 5541 35 5352 2320 2290 1679 8097 7120 1842 9490 9113 8524 6308 125 8672 4210 3018 4342 3998 5965 5048 9184 6958 4305 8008 4156 
30 2278 3708 6404 1852 1221 4830 7685 2981 2653 7629 5967 3157 4406 7305 724 6833 8673 7800 3387 8896 6869 5863 6564 1712 5392 9590 6616 6717 6348 8308 
30 2774 4873 3459 9636 6967 6344 7817 7894 6059 9022 6423 8748 3893 6897 7403 6923 8200 7608 7725 5772 2795 4321 4402 1219 8223 6368 3035 2880 6603 5244 
28 9020 4208 5829 2799 85 4664 2675 2810 5123 3507 9474 2909 6292 7132 4136 4746 4915 556 2873 6347 6309 7332 7181 9203 5536 1055 3589 1410 
30 2418 4877 8711 7325 1100 3411 9251 4409 7882 9900 397 819 576 4843 8616 1818 9978 1719 870 7976 4438 1548 1578 1099 9308 8267 4392 2474 5896 9311 
25 9291 7186 5507 1628 9538 5913 3476 9513 4329 338 6353 7978 634 8812 7652 9802 2569 9099 1552 1991 3641 729 5865 3562 7825 
26 9626 3990 5358 3067 3572 409 9345 7245 159 5400 4834 5782 547 2876 6385 3768 4783 2705 4668 2643 7412 6959 2814 3724 7700 6997 
25 9187 5971 3947 9815 4016 7732 3345 9424 4675 3115 2325 2430 8842 1611 6091 2514 9398 4108 3932 3322 9703 2598 3741 4 5318 
19 8509 9341 2673 3393 8028 2025 2935 3137 8749 3630 6037 7304 781 8769 4983 844 4728 3126 3255 
33 4586 3317 6836 9252 1557 4171 8806 8272 9089 355 9941 4590 6042 276 1796 5956 2903 2254 3916 4333 7738 4917 3834 1744 3548 2716 5521 7606 6035 2656 5376 2271 976 
21 4644 1512 6951 6186 3420 6305 2330 5565 4323 6855 227 5850 858 3889 7902 9875 7836 3576 6845 9829 9970 
22 2327 7114 2714 3424 9602 8254 1994 6498 6886 9897 7275 1643 2693 2439 8294 8704 7736 9599 8139 8589 1452 7436 
23 4098 8024 1684 6652 5866 8694 7516 9141 2125 6085 5786 4232 4316 1622 8526 9598 8443 564 345 7617 4977 3987 7789 
34 7227 3918 8979 4717 9947 1873 3051 376 7595 7633 4117 9849 9734 7164 7750 6983 8067 3299 9153 3244 2381 687 5795 1156 5015 5624 6217 4994 390 2259 7409 3264 906 464 
1 6694 
22 219 400 1843 32 9171 6196 5838 2556 5329 4669 714 8344 1932 8354 1131 5987 1737 3240 1085 7880 2337 5293 
30 2176 8787 190 6851 2230 4867 2577 2119 9964 4213 9516 4714 4866 8416 9838 1592 3635 2279 7619 6490 3917 7168 6759 7264 2251 746 197 4641 4296 8122 
16 1815 1541 4821 9479 8304 6734 4152 4765 5152 6553 2001 4417 5531 2786 2864 5547 
33 3008 1674 7347 7494 6216 8882 7730 353 4433 365 6722 4357 7701 3323 6130 3413 7839 6055 1237 1687 5119 3023 8733 1793 882 9439 1617 2361 3715 5311 8647 392 8350 
31 5222 1609 8774 5816 9769 3502 4854 2797 7915 76 8743 8814 3039 3999 3447 2478 3011 806 3010 2995 4517 3577 7160 2010 3491 8409 5788 4041 2252 7563 5125 
17 8271 3027 7497 7265 8068 5506 6736 5612 3996 8712 5151 5450 804 3248 3028 18 3408 
19 9670 3197 8104 6455 4225 1252 8094 105 379 52 6235 3436 4378 6363 2793 7025 5921 9945 25 
32 2944 9864 8073 565 3938 2570 8951 8555 9561 4638 7167 350 8817 8127 2700 7328 5483 6432 5149 6276 8408 6929 4229 1021 3002 7087 2594 831 2623 3229 406 5629 
24 6361 1013 530 6069 2382 657 5576 2630 8111 6201 8136 4219 5880 4388 8270 6859 1836 9107 9525 8579 8046 6080 8519 8480 
33 3321 9733 6849 5393 8351 9575 7567 7698 7759 8742 9458 7907 3425 6203 1747 2024 7007 4978 6442 8115 9748 1358 9605 9211 287 4818 7495 9008 8994 1014 5817 2847 3111 
25 3647 7346 7927 2537 8614 5678 4139 1182 2288 9006 4188 7773 4619 2462 6001 451 988 5030 593 5617 8384 3529 1951 7011 4127 
25 8564 3329 3368 802 4405 8191 990 578 8952 6211 1736 6926 7560 9533 6790 1163 162 4381 4952 7469 2094 9656 6273 1983 794 
20 7716 3579 4885 9851 761 8876 2817 9846 8500 1752 2769 9152 548 1542 4676 6343 7740 218 1966 2516 
32 113 7451 7870 497 9182 3477 5628 4724 821 5632 9882 4856 6963 7148 2268 1078 3399 9828 9686 1717 2222 7667 9076 5745 5613 6770 9432 5242 5894 9971 301 9430 
22 6913 6068 2783 2896 1256 5382 6488 6038 7505 2311 7917 7012 8305 5574 7895 6232 4751 3143 2301 623 5737 6595 
28 6607 7156 842 7406 5712 9116 9134 177 6544 4031 1787 517 7552 5080 7137 5738 3545 6225 2124 2058 1344 6872 5316 5978 4778 4962 4013 2055 
32 3168 7889 5856 368 8448 1102 7386 8695 649 7873 1117 8746 6157 3174 889 1031 5981 9250 4521 9431 1457 3060 6395 14 3460 341 16 1043 9024 8372 4047 2225 
28 2313 5027 1447 4260 3461 2718 4863 3554 5539 1496 1023 6593 7075 2359 8826 2319 3339 282 7807 8415 1035 1671 5007 7060 4603 6341 9391 2836 
23 1724 8715 3362 9497 3326 5962 2072 7301 7573 1639 7712 6609 6655 6517 9092 2965 2454 4447 6954 5407 5533 4790 4158 
32 5402 3575 9813 3193 1460 4940 8116 1169 1211 1257 8664 9810 4566 2636 4851 9029 1130 7192 7195 3242 34 4155 5633 7550 6646 5079 7324 5515 9359 2321 3656 8019 
30 6900 3651 5034 5089 2649 2573 846 9557 9037 9381 4744 5995 1589 6681 7542 9754 1572 5181 9531 954 6732 3367 3179 5871 4551 8183 4918 2698 5474 7733 
20 2507 4112 8382 5732 5910 7422 8976 4218 2186 850 9009 884 6688 1607 8441 3942 3522 2289 4133 7036 
28 5343 6135 1830 665 7710 7448 252 2220 8691 6391 6591 2931 9225 6682 7352 414 8252 6511 7752 2403 7470 3810 765 5236 5800 8657 60 5138 
24 3667 4984 1455 4163 7872 8064 3443 5353 740 4044 239 3053 9967 7820 983 3485 8358 4271 8012 7522 2637 4466 810 8572 
21 554 5615 499 720 1186 1504 402 4499 4711 7462 2506 1217 5243 4852 693 2678 766 5283 440 4052 9117 
28 7088 1170 699 2539 3605 611 5036 5695 5260 715 3086 5221 2040 6839 612 5583 7651 8009 581 803 4322 3361 1623 4640 6449 6445 4823 3737 
26 8587 5491 7512 2123 8410 533 935 5135 2732 2362 2260 3621 6386 5864 7741 7932 8201 312 2369 4670 2629 5252 2993 9714 9721 6170 
24 6418 2296 8192 2033 3482 6279 599 3859 9694 8911 8767 7507 1050 8165 786 441 8753 8202 6797 191 446 1052 2138 3892 
27 9698 2140 1676 3124 2240 8413 938 3216 4899 153 8264 8567 8317 9725 4478 5802 4975 8474 3558 9841 6335 7888 5198 5388 6546 1931 8527 
22 8698 8213 4959 608 6413 7442 7492 3290 8996 5835 6416 9303 3963 4264 7626 1253 8247 6471 3774 8168 1573 7783 
25 6780 7243 9464 4639 494 9655 5001 9370 9644 21 3846 4777 1029 3573 6396 9739 1072 4468 9488 4116 6092 8619 9200 9499 8808 
29 6767 3546 3148 4630 6012 8187 1746 7503 8988 5041 4651 6047 515 5139 5625 3438 5106 7201 5905 4954 3806 9693 8985 6236 8716 5845 383 6750 3969 
25 6044 3951 1421 1634 5428 9475 2076 7150 1101 4776 6178 9624 1145 9435 363 2763 9352 5178 4174 3957 7184 9307 1064 3284 7111 
24 4056 7993 9685 1267 4064 9524 1381 7924 5188 1339 2844 8992 6382 5412 3034 2562 7826 7776 4860 1868 8707 7202 4841 4568 
26 2531 5875 975 3740 9681 8379 3305 2315 4561 7659 9302 6602 7016 3567 2285 6588 4513 8914 4793 5013 123 2704 6287 6789 1418 6342 
28 3410 5213 2736 166 5189 3073 3105 6058 9242 2602 5564 4249 1193 8481 4518 7326 7944 7782 7582 5258 3521 8776 5703 7980 8333 49 1202 1847 
30 5881 3655 7891 6457 5466 9030 4705 267 3325 6081 5792 6067 1203 275 9508 5582 3625 7788 2148 8651 4514 2183 6937 5378 5223 1546 5644 9781 5616 1718 
31 1879 6377 7314 3022 3047 5344 8190 4888 9284 2565 2402 5519 6880 5704 4805 2431 6798 7354 5419 841 9425 8927 3452 8497 8751 9197 3705 8696 8043 3012 8178 
31 8086 3236 328 200 2212 6969 767 6784 1700 3735 1944 3765 319 9362 8793 1756 8705 3395 6947 654 8600 9500 5126 36 5683 4083 913 3378 8211 8185 7252 
27 8189 7224 9845 3816 4953 7811 709 254 967 7145 2645 320 7266 3428 9843 8778 5826 3187 1076 747 7559 3388 6844 5942 8433 5058 1247 
31 2828 2791 209 428 7602 2916 7477 4958 8800 1943 8820 8491 2 924 8750 4173 6539 1165 6086 9344 5918 7 532 8880 8762 6317 2170 7834 1093 4348 3021 
32 1794 4109 5566 2077 3879 1745 9481 8220 542 8843 893 1980 5472 6366 7286 9798 9929 4631 1839 3881 5945 3497 5946 1936 860 6701 2827 6373 3734 7751 4018 6260 
30 7849 3005 2711 8040 6942 8991 4541 5405 5550 2023 5878 4981 7972 3748 6176 5421 4144 2471 7443 6109 9417 9719 6702 9067 6986 89 4901 2606 430 5370 
21 394 7210 6747 4467 2566 2440 1106 5622 5193 6630 621 917 5261 1971 3581 1445 5337 5024 1892 6127 8543 
26 6269 4536 1002 6192 8346 6536 419 3453 3940 9408 6930 1067 9328 3854 7231 2694 1921 7790 4429 4469 8061 50 8498 7854 4716 7441 
24 6843 8783 7398 9556 9485 4107 607 118 5076 7843 2346 1791 4685 7483 2638 4022 5974 1144 5209 7297 8636 8648 898 4432 
1 48 
