1 3160 
23 2822 7824 6674 8145 7012 7307 8999 2445 6249 8156 9614 6645 9048 7469 293 6541 6569 8637 3779 8986 2371 8307 1508 
12 2921 1623 2592 279 165 506 8922 4108 41 6320 5930 3082 
25 5831 6562 8593 2068 1444 6310 3695 3828 9616 2821 3109 1291 4159 7506 6144 2655 37 4905 6251 6920 3161 7764 1484 694 7010 
25 7136 4156 6746 7296 200 3110 636 7157 7712 5443 5205 4706 4016 4686 8091 206 7905 2545 9903 1762 3710 2904 5050 5204 4188 
18 3117 7484 1630 5890 6829 3393 9177 5037 9779 72 3178 7600 2953 8555 6704 5375 6498 9837 
17 2820 2097 7863 8956 5993 965 5479 3113 4372 9085 7302 3689 3861 7754 4615 7123 6413 
34 9997 1250 5051 9540 8737 3912 4031 3146 1405 1935 7589 9367 6591 5095 1536 1645 9465 4261 2026 2602 3973 8656 1251 1501 7301 4176 8985 6022 9112 4811 6798 9510 2611 4331 
23 835 2039 3648 6344 7925 5420 6145 292 6780 3180 2581 6644 7438 481 495 5871 3087 9301 5633 7478 6947 4364 9138 
16 4506 2006 52 8587 631 2641 7434 9036 2340 6431 2510 2881 953 2952 3188 7796 
25 7833 4067 5129 9937 2058 662 9084 6328 6697 9035 3834 3730 3942 751 3343 4482 3031 3365 9972 2638 2703 6573 9687 5789 411 
24 8450 5771 350 4824 7482 8765 8006 2489 7755 3481 868 9370 6272 4417 5737 2070 148 6034 8357 8556 7705 6181 8744 283 
18 2603 4293 741 7838 8390 1223 4637 3662 335 3088 3976 4709 8456 1718 730 6052 4384 5470 
19 2854 6750 7812 6693 2852 8348 4112 449 211 5799 9541 6081 9661 7281 2329 8891 9968 2968 7917 
15 2139 7514 3371 4595 5267 1513 9715 7799 9124 1682 5725 103 4353 6264 5723 
26 9670 9445 5555 7481 1608 1462 9864 1340 4831 5976 3402 8191 3360 125 3220 56 762 4742 7057 9167 9101 4222 7332 1801 9527 7417 
16 1959 4925 5804 5505 3409 1918 1781 1523 3052 2196 9364 7711 6495 6184 3038 3399 
23 1785 6410 979 3225 8532 8874 3362 560 1045 7949 4599 2056 6786 5573 2164 6064 160 2079 2962 3796 5618 1027 2936 
27 2635 9492 6493 3367 6766 2642 1160 9182 4025 4527 2835 9812 3416 1952 3646 6323 4838 4946 646 8822 4203 5319 8084 4459 2706 8771 3422 
21 6933 8920 8689 8628 199 865 683 7491 2869 6119 9596 5605 2073 9305 7734 7647 6041 5960 2925 9768 7414 
23 5260 6523 257 4728 3606 2370 6137 32 8341 5971 3213 1537 3012 3029 2438 7818 6801 5381 2269 2907 5513 3870 5987 
23 493 2051 4394 1440 1897 6708 5578 1436 6010 9290 7763 2111 7829 8643 8973 6875 3217 1945 1107 5316 4270 1266 5707 
24 7590 4091 9559 1855 6452 964 1555 7761 1589 8616 1962 1771 2187 6653 9209 6884 4846 5745 8071 6342 6858 7228 4762 3554 
28 333 184 8646 8274 7304 9090 7345 1003 3705 339 9010 9588 3129 7155 3231 588 7373 1984 6917 1874 4337 8559 2712 1550 8640 2215 6480 5211 
26 2098 1267 5949 2912 4183 679 4289 5568 3431 1754 3124 8883 7587 9729 9617 285 5034 1605 6636 7074 5391 192 3668 6235 7165 4361 
31 6261 4996 9685 4917 1465 8462 5587 8423 4799 7664 2286 5811 5828 3136 6399 7075 3814 471 1058 4464 1284 2486 1617 8126 8739 9277 8779 9934 7791 8941 2497 
23 7759 5210 8154 5879 5514 7071 7072 3584 5808 2300 6350 1117 812 8839 4711 3809 1129 8388 6534 2505 3474 824 9307 
21 2734 3623 2677 1009 5772 5176 8476 9545 6510 8938 8255 1137 6220 9405 8107 1806 1663 5515 12 7843 6179 
1 6599 
29 3060 5545 4181 8933 3934 5769 4559 5603 4021 8826 6716 6321 2287 1383 9471 3473 1246 8795 7085 6066 6926 8160 7440 5936 9912 8516 7837 870 4821 
24 2446 3866 1913 6393 8235 4017 8493 2078 8815 2877 7005 8915 4934 9297 4704 7628 5458 9028 8408 7498 1318 7713 4561 4789 
28 2234 6319 6655 5968 3845 385 572 8256 6793 7835 5413 1182 5689 5782 7612 6175 9387 7500 370 8199 8767 8064 1699 4320 8987 9293 5635 511 
17 5454 2092 2576 3889 2032 5026 4740 744 1201 9711 3032 3469 6887 9025 5559 3030 2157 
25 2922 1924 1390 785 4703 308 5274 383 7472 9116 1960 2617 903 8370 7932 6045 4513 3617 1529 5180 2328 9148 587 3062 6787 
24 2772 2526 289 7842 9753 7748 9327 1039 4431 1023 9389 4213 1221 4149 7103 5636 5164 1989 2729 8823 6654 6633 3808 9577 
29 8033 5938 544 1983 9052 3 8663 3528 5223 4758 5397 4857 6773 5259 7663 9796 2245 3571 842 1884 1273 3189 7594 6241 4297 4026 8151 6680 7456 
23 8103 2096 2950 1253 3654 4095 1389 1056 6462 1376 5272 6087 9432 5194 7571 6723 1331 1900 105 9208 9398 8387 9838 
33 4172 6857 4099 2003 2135 7383 1165 163 466 2232 6559 1852 2590 7983 855 2761 4448 5477 9323 7803 4059 8155 3372 8380 8473 410 2934 3521 3510 1509 9080 7841 9700 
26 5634 9636 8204 5610 6295 6230 6715 8760 6238 6018 2121 3065 8334 5786 407 9140 4604 6642 3307 9631 6478 1947 5569 2572 8928 1990 
31 6428 7946 1365 1192 5115 3264 6379 3644 1888 243 9436 4542 4064 2606 225 6414 6726 4244 4865 6827 7293 8102 4971 3224 1479 9953 517 6308 4380 3289 7854 
26 7245 4279 4311 5318 8957 4194 8215 6927 2276 1483 5015 6483 8031 297 7064 2460 3751 6549 6373 2210 9859 7619 1518 120 936 4712 
22 45 7180 6622 7441 8251 5189 3743 9821 2780 5974 1553 418 4738 4719 1116 2035 1687 607 4936 7938 9873 6065 
29 8854 7864 8966 8526 173 7768 8993 1548 4825 7112 1830 6742 4756 9553 7181 7433 3342 1200 7454 6694 7252 8308 5657 7604 480 9423 8484 1559 4037 
27 2368 1704 9755 5797 1854 7866 5105 3500 1883 6171 1460 7941 1176 4748 5356 4815 3004 7943 7797 6107 1481 2046 6745 882 4793 9438 6650 
32 9475 4238 7890 5713 2236 8924 8005 550 8238 8889 9482 1168 8824 5290 4288 9334 9060 6282 1225 4118 8119 4787 9944 1356 9176 9514 6248 652 769 9544 2155 8385 
31 5679 2037 462 6211 8178 4692 177 3130 3176 1980 7614 1309 529 2845 1530 7779 8975 6946 5841 9946 6834 3624 1208 2199 3112 4291 5526 166 9444 5915 2634 
38 3042 8698 7642 405 7787 5112 9190 6313 304 7061 9267 5071 4638 5856 6999 2705 6129 861 6502 5191 4148 3599 6306 5131 7832 7634 6529 1332 5328 3309 5221 2383 2927 7617 3406 937 1150 8694 
25 1666 7335 7449 2396 9322 1276 6437 1174 3254 4684 8347 5080 4218 2889 8116 7635 6259 9449 7490 4850 8002 5586 2031 8470 9558 
31 5266 2191 1130 3258 191 9797 8273 7149 888 87 7955 4856 3277 3035 4290 7370 5118 143 1636 2206 9630 7292 6307 6043 2347 3561 6679 2250 3936 4274 5002 
25 6440 5207 906 7637 7393 1777 5028 9771 4443 1069 6025 109 6611 6521 7834 7762 7550 6023 5449 8888 8192 5294 3601 951 3857 
34 3039 1938 1387 7329 2836 3150 2168 8575 9955 9477 1306 4241 4140 881 9871 8686 6544 8148 2741 5076 2425 7476 6120 2272 9386 963 5305 2667 1181 8165 9580 5178 3530 1199 
29 6613 3560 3177 7667 7719 5863 9289 4864 7462 8318 1002 7958 1934 8279 6398 8597 3287 3799 2910 5625 2932 2240 3578 4155 1685 1580 321 6546 6422 
37 2440 846 5334 9506 5127 9811 6844 9027 5580 8873 4134 8812 7693 2558 9917 9575 778 8337 729 4551 4477 5978 1047 4043 1216 7732 1582 4253 7904 4342 2597 197 2257 5196 4695 4590 8351 
27 6198 7572 3079 2541 739 290 1096 8224 5279 9833 831 5114 4902 1876 4310 2333 7067 2831 329 8411 5016 978 7152 7726 3970 4690 1766 
24 1434 7161 4009 4903 5862 1242 1825 6449 954 9261 3344 2219 9653 268 3077 3296 6118 9062 1443 7595 6203 3985 8574 5674 
27 1179 5889 7380 3921 7151 1220 7158 2644 425 1118 6997 2913 9497 7388 5067 669 9999 8866 5977 9125 1953 2896 3527 9900 8731 4585 7207 
25 8019 555 5742 743 1189 8659 8722 6508 7346 5606 7615 9098 7218 3884 5986 9396 7686 2102 9063 1583 1957 6717 8501 9971 6479 
30 156 6635 9408 1600 4629 2701 3332 5901 1238 7896 7561 1839 4264 7473 7108 5282 8007 1719 4051 2309 912 1625 1379 6608 3977 6799 2491 8376 497 9987 
31 6812 3628 6729 1051 5612 784 3429 7105 5687 5647 2178 2520 9414 6749 7831 318 6376 830 6050 6964 1757 8030 6116 6465 9074 856 8343 4913 8298 6942 5273 
37 1711 4951 3460 8717 8547 2570 4034 9590 9147 9439 2322 1083 2513 4223 2389 8721 7300 777 3377 3437 388 6714 6009 4847 8198 6589 46 7627 7444 1827 8169 8542 79 5276 5780 2829 9802 
30 1134 328 2228 7323 2535 7621 2129 2917 7745 5403 5597 6672 2539 7623 2615 7725 2256 6353 8271 4508 2180 4932 139 9945 8363 5795 5275 7089 1697 6055 
27 5876 3765 6754 3702 4286 3033 9184 0 2194 1545 1837 7706 527 4602 5767 4814 6712 8444 2002 7857 3045 4688 6532 5092 6442 7965 4978 
32 1566 5156 6983 3283 7436 7406 2918 883 9240 5434 6084 4201 4988 3453 6612 6048 2466 8707 3820 2598 4554 2461 5452 2443 312 1375 6783 1615 1916 8514 5320 5921 
29 2758 6936 9669 1795 5671 4093 9406 7316 2083 2928 6318 781 3923 5504 9609 3067 3567 4648 5816 6789 9239 2361 4029 3200 3996 7524 4105 3138 8479 
27 5959 5492 5553 6032 6237 456 8441 3487 4460 2502 1303 4294 213 2671 2324 3596 4752 9162 9230 8069 9259 1912 1786 2618 7090 1727 1651 
29 9151 89 9933 1554 5066 8711 7944 9044 9376 9067 6085 58 5994 8135 2251 7159 5628 6526 2319 3428 8729 7182 9691 5380 8810 5650 7066 8909 6614 
30 5604 6245 4318 8906 3442 8439 6779 2499 2613 1098 8013 3273 4565 2080 4743 1170 512 9344 1887 3805 2227 3245 6984 9357 6108 732 7730 6490 7966 1363 
32 9861 3210 7030 5077 2736 434 2555 5693 4137 6764 9153 5238 7209 5834 4603 5947 6998 131 4800 478 2742 797 897 6602 3163 6324 1765 9710 3168 3540 2016 8395 
30 4467 7439 8083 9817 4393 3114 5556 4363 6233 1688 5329 3631 6206 6291 6426 6851 5567 8396 4187 4225 765 5250 2856 8203 2422 6358 6776 6390 6576 7234 
30 9832 1377 9194 4338 7871 747 3682 3518 7249 8746 8572 2179 7097 8652 9309 603 863 6696 6106 595 536 7314 3549 4725 3338 9813 5538 5805 1891 7908 
25 9738 6765 1148 931 2622 7227 7202 8469 4432 7135 6252 6813 8371 254 3327 6505 7780 7749 1031 1576 7741 5365 1653 8696 1445 
30 8725 1691 7031 7611 5910 4082 220 2762 3858 5878 8603 7257 4032 39 3284 2004 6345 7557 4113 6621 7879 8303 2733 723 9652 5286 2393 9894 5698 4775 
32 2863 5613 2785 9236 9286 6374 1644 9963 9055 9324 5900 1694 4921 3058 5309 8801 3839 1147 8807 1488 2697 1654 755 97 4626 520 3141 516 2516 5021 7655 7534 
30 7080 1415 7235 4802 3164 3722 2266 3715 2132 8862 8967 5830 5450 2893 7035 7200 635 3960 2229 9644 1729 8856 136 921 4296 3351 3237 9869 4767 7533 
28 3883 8504 3005 8733 9095 8936 2838 3281 1871 3320 59 686 9 989 7184 8168 2087 3615 9693 7226 1162 7523 4646 7106 6012 4526 6441 4329 
29 2150 4057 6003 6509 2101 5126 9380 5439 5502 9093 3336 822 997 8020 1856 4676 1977 2663 3718 6896 9331 146 9108 735 692 2749 7631 2957 7774 
28 691 9592 7367 6280 2301 319 5457 1603 7432 9278 2970 8497 6512 1845 9480 761 8570 6071 5961 7452 5088 8104 1108 3111 8803 7246 2956 4184 
30 7318 7855 5197 3385 3746 5574 1217 8727 6538 6037 8213 7000 7429 9002 48 5214 7700 8764 8614 7129 3222 7095 4022 4403 7354 1347 9579 7008 6626 7820 
24 3516 3855 1049 1025 9777 1222 6919 2061 3191 9092 3456 9792 1914 9325 6223 8133 3414 7255 1153 3706 5342 2862 8132 8898 
30 5455 476 6231 6005 2710 9223 794 4900 5012 2230 3194 4212 3721 8035 5579 805 1469 7217 2133 8491 976 763 5321 2669 4319 7868 7100 2308 8916 2075 
28 7678 6897 4474 8386 4757 3519 6504 6985 3090 4251 3341 111 619 3797 1172 9906 6060 5485 9597 9746 7198 9306 6981 4369 7858 556 6955 5738 
33 389 8502 7984 1712 3027 7724 3331 8910 7408 6616 6286 6473 5023 8859 2153 7150 4583 9448 2220 6100 6565 1073 6695 3916 5923 6468 4651 2392 3588 3355 1601 3366 75 
24 6130 7543 229 8584 9462 5916 1132 9842 1988 1742 6941 7172 9659 5038 8868 8059 7266 5011 3493 4600 9916 3826 9860 7887 
26 8980 9940 3987 6284 8726 5390 8349 7038 6856 301 5417 6024 2730 2837 2387 2407 1033 1075 9000 3933 2190 5234 4798 3421 3918 3386 
27 2995 3482 3656 928 1614 4710 6481 2391 3803 5843 6385 7450 2474 8350 9935 8780 2979 5447 801 4899 3966 2566 5665 6688 796 7322 2288 
29 9058 2198 3383 7744 5368 9565 9393 8528 9634 5314 5584 9300 4723 8190 8276 955 8837 1 6195 7504 7034 4024 6548 4326 8081 4532 7951 1540 8964 
28 9053 7735 4088 5942 6925 8681 5166 3711 6572 2183 3825 8437 9434 9455 539 2949 3319 4534 5927 8704 9313 9924 7166 6881 7174 4605 1627 419 
31 187 7006 9850 8431 3201 7603 4053 4313 4221 513 8377 5704 3637 4130 3303 1188 210 8610 8860 3068 1652 5103 3768 4283 8079 6420 1869 9759 5161 3008 3531 
29 7643 7918 7695 144 4436 4018 1236 1996 1917 7240 1007 6531 1867 7009 3174 1948 7298 4829 1456 2568 538 5920 3523 5140 4336 8117 6503 8062 496 
31 3190 7230 952 7144 949 3541 5850 4545 2989 2931 2887 3415 1392 4109 6802 6302 8333 8984 2650 6285 3874 8209 8965 4908 8241 5734 3308 8353 6810 711 3818 
31 3183 1204 8961 5846 61 9384 7416 6322 630 4273 6419 4004 5277 4792 6287 2044 6174 1358 234 1783 3400 398 3852 9656 3793 9508 4571 1361 2059 5851 7688 
30 4904 626 3044 357 8970 8718 1725 6296 1233 9857 6976 4696 8066 9716 958 5958 1013 5463 6333 8930 1438 9298 298 2294 4360 9134 1015 2249 4635 6148 
31 3425 6152 1491 4046 3455 678 1674 5925 250 6470 6675 5045 4687 8605 4160 895 4139 8529 6967 8800 9801 1026 8809 9789 1546 8043 4995 3583 9358 8768 7886 
29 2717 3268 9515 294 6292 4069 8649 5700 5382 4284 5611 7290 6837 4845 4240 1403 8023 7133 5468 6372 770 5649 5624 7644 8749 9705 6311 624 6202 
32 7849 7781 9913 6959 9522 3259 5460 919 236 6099 2738 5760 3865 2647 3846 9655 4167 2290 3602 1087 5099 2277 7 6370 8962 8622 6077 4682 451 6561 212 9784 
30 6885 8406 4166 8543 5675 1505 8751 4573 8111 6971 3304 1872 1668 4657 8855 877 9355 7271 5790 64 3193 3621 9005 154 3691 6593 4255 5430 8589 5044 
31 8232 2890 9039 5116 1124 3537 8913 8553 4575 5793 7037 9964 4376 4215 3477 2193 7546 6940 9671 7079 6314 3475 4269 346 9840 7048 8520 3057 4680 7654 9204 
30 9822 2777 3694 3396 9258 6299 7880 871 8089 2050 4720 4147 2354 4011 3389 1927 1848 9070 2726 3566 5858 6070 9373 6579 2065 253 3652 2099 6830 2007 
27 6340 6151 5537 780 7723 91 5177 3427 2470 1256 8047 7766 1244 1650 3461 1416 9427 2327 7333 6894 7211 9013 3994 2214 4683 3375 4964 
30 6430 687 8434 8950 5705 9936 8642 620 8917 1000 5169 3629 3132 9800 6968 733 1611 8269 6417 5271 6126 4563 8838 2483 7520 2559 3083 5007 6301 969 
30 7851 8835 2813 1751 288 16 2614 2801 8176 7872 8488 893 2055 1647 300 9007 5220 6841 7081 9929 347 7874 4013 9205 5560 6828 7386 4698 6189 3227 
27 3448 5955 9692 9042 4151 779 6556 5867 9583 8483 1680 5964 4511 6026 5027 6439 6204 6760 424 3550 6987 6605 5715 5582 9586 8216 2894 
26 6056 9890 5801 9131 3903 4219 1562 6643 4315 2955 3262 6893 2355 5122 2369 2185 4207 4475 7640 5421 9775 5558 5702 8846 8487 2456 
31 8172 6062 6258 4529 291 3764 4567 6221 8365 800 8398 5523 2595 886 6849 7312 7532 7258 6338 4072 2753 1346 483 4208 3221 4510 5985 1629 3148 7850 973 
28 5371 8730 3772 3501 8464 2965 6351 1515 5348 7338 4158 4272 9372 9736 8796 5646 3301 2108 5464 9726 179 7530 2025 7457 2567 7319 8887 5065 
29 2870 5952 8624 9735 9907 402 134 4889 5355 4124 2629 8153 115 5438 6684 6418 9119 9717 17 7208 19 7825 1078 9879 8929 2376 5110 7852 869 
31 9145 8366 7014 1036 7109 1380 2401 4672 8042 2799 1395 5018 710 4371 4157 6706 5539 1265 7403 3823 3498 6 1594 9947 2501 7729 5432 6371 9697 2623 9770 
33 2223 5673 352 5934 2512 3763 9123 6826 141 8904 4958 7672 5694 7056 6735 5727 8732 6403 3359 3276 8525 7241 3093 7954 9680 754 4450 6784 7677 1105 6974 4594 6575 
30 2584 6770 6720 281 968 9115 2166 3836 7203 8001 74 9994 2175 1849 7776 3290 7740 1774 917 633 7999 3408 6788 6383 8229 8836 2095 47 3769 2719 
26 5254 2414 446 3260 5005 1042 1322 1194 3069 1622 4914 9043 8137 5982 505 3539 5494 1077 8428 1497 6769 4746 1305 6397 1503 7641 
35 4114 4469 7382 5467 7115 8870 8565 4769 2279 2295 2439 1998 3420 2310 5757 6329 5192 9703 2790 2546 984 8355 4522 583 4389 4451 6700 8923 1372 7101 9022 9041 9767 7608 2103 
26 6975 3179 2244 1257 1229 7412 3513 8458 110 6256 5963 2408 3759 3963 6768 5617 307 9911 342 9269 8748 752 113 2691 2779 7553 
36 9141 7606 8903 3698 9378 2145 5940 6520 6411 5433 80 6436 8638 1610 4822 203 9466 5691 6878 557 8200 7437 4191 5415 4023 6394 7193 5085 857 6943 9713 2915 5953 1637 3767 6491 
34 6096 5241 3701 1779 460 9097 5784 1149 3784 6276 3863 7387 2495 4092 9280 673 153 492 2485 303 4086 807 4206 469 9086 5922 7055 9881 8788 4367 1396 2716 6737 8816 
18 1111 7407 9793 6582 5600 4669 6078 4406 9901 4220 3022 8535 6201 581 806 8582 2594 5208 
33 3660 1425 4632 4751 7191 9150 9721 35 9272 3156 5904 8668 9689 564 7247 6114 1145 5299 6380 2658 887 4498 438 4920 9722 3165 8045 8146 7107 2781 7270 2134 531 
32 4891 6265 6595 598 3306 2873 6816 3587 2674 4413 8258 8214 5289 7973 5581 5752 981 2740 440 5980 9516 707 2575 7933 3374 5615 9353 1115 2848 7997 3642 2338 
29 7320 3899 879 3292 1283 2673 939 9660 4785 6860 7352 4732 6182 6208 7310 2043 756 2899 9401 4558 8485 9198 7972 1728 8782 8596 287 1851 8636 
31 2600 9561 1942 5815 3610 1300 7379 3520 9619 472 3228 1709 7001 9501 8882 2798 8139 4106 3253 1471 9294 2880 351 6751 9082 7463 6921 6303 3872 8631 7272 
28 295 7343 1734 7020 9790 2352 9329 9485 1368 1420 5168 5235 995 5998 9303 9845 2981 3824 7961 3915 7137 3990 316 3157 1543 1022 5481 7722 
31 9191 6543 3025 854 8120 7575 610 9362 6186 7503 5064 7525 5894 3807 5379 9931 9050 8321 4572 3945 5607 7451 3673 5190 1337 640 8409 1881 9731 5284 9958 
36 6781 8184 1359 3681 9747 3099 896 4386 605 9856 5167 8264 3780 2960 9593 9855 1701 6006 7088 6075 7758 5773 4861 4007 5735 1669 3219 1951 8981 2942 9244 4197 3697 7697 4871 9346 
28 3636 9157 7394 130 6407 4355 3917 8292 9491 2909 3280 9993 916 2463 5909 844 7558 1156 772 5602 9341 7389 3447 4961 20 5747 4674 8465 
31 4967 4980 5532 8481 8890 5387 1776 4030 2298 3854 5302 4446 9976 5497 3616 5487 7881 7189 6571 7160 315 5141 8014 2117 5341 1978 6761 439 4998 1350 849 
31 3353 9498 2793 5511 9385 1059 8277 2339 6866 3037 3777 2722 8144 3241 799 6192 1353 8475 9674 3056 9611 7632 8705 2159 1982 6273 5660 3940 1255 4235 9932 
22 5482 3503 2263 3954 5860 1198 1541 5183 5119 8067 7596 5716 9276 6937 8612 129 2476 2883 1404 5729 6271 4625 
26 3187 3076 9441 6459 7381 5323 2433 266 392 3407 9311 986 7321 7171 9893 7410 1400 1528 4445 7895 7998 7477 9679 7223 7362 7063 
32 4611 9589 8170 7894 6677 2429 4231 4472 174 9495 5510 576 1158 4689 1698 8332 1294 9390 6432 5493 1710 5061 1296 728 1155 7666 814 196 8270 5988 7899 4347 
25 2849 3833 9257 8934 7552 6073 2775 6747 2961 1304 1519 9728 2984 278 2488 1286 2490 6870 2621 9539 3478 892 731 9866 7907 
32 820 9951 9459 9785 3811 8701 4309 6979 5401 4396 8617 1524 5395 9068 7288 8621 2888 3650 6963 6288 4202 7262 8674 3666 9519 3947 8393 1812 5280 7805 8879 9941 
29 9581 1021 69 2186 5883 682 6244 4083 2707 1020 5292 8507 2817 4128 7853 7124 381 6110 8230 8331 7826 3761 9114 5753 9193 714 4042 2481 470 
26 8598 1038 7979 5461 1016 5990 1487 117 6515 8040 1419 3817 9809 8248 3061 623 8295 7210 3822 4429 3924 3613 5686 2385 6564 2254 
24 719 8797 8829 9076 3049 5499 9909 6359 1836 4931 7784 3315 5306 4351 2312 716 7143 8304 913 9649 9637 2709 119 447 
34 7138 3756 4922 3929 7458 7699 8615 2770 3556 2064 987 7268 4844 9654 2255 1920 1544 2500 245 1496 4434 3184 9730 3789 5824 5155 8179 1878 2571 2067 764 9410 4875 7652 
33 9392 9814 4581 188 3471 7042 1178 5945 899 5010 3821 3100 5301 2538 7875 8260 310 9279 3514 6692 2419 9174 9701 6682 9026 5004 2875 808 2094 8077 6513 5410 3748 
29 3016 336 3126 9702 8261 5148 6767 9242 93 8517 3330 3507 3975 1091 4226 8362 2951 649 5631 6336 2639 9684 284 4150 31 3840 7839 8683 1648 
30 6507 6021 523 1410 5109 5456 5022 7513 3997 5218 252 3675 8894 1163 6082 6484 178 3605 4570 2344 1252 1164 3965 1355 5785 3838 9778 6028 7294 9354 
33 5588 9594 9718 7704 8492 5472 1024 8820 9428 504 6304 8756 760 3802 8122 1226 6191 8857 6143 9185 6375 9359 8759 3046 5431 2458 2317 4210 1930 891 2828 2380 1946 
29 5832 8394 5008 3462 8193 4697 473 6167 9456 720 8912 525 9012 2382 5847 7077 1114 6938 7283 6831 5743 8853 441 3614 638 3734 4552 7903 2406 
31 8141 552 502 1139 6113 5654 1076 7910 3272 7110 3182 9220 2509 8245 5000 5024 1744 5426 3890 6725 5572 454 458 7073 4733 6818 8682 8374 825 2587 900 
32 9106 2874 6970 9019 7528 5423 6464 5706 8791 4298 841 1671 6185 2028 5480 8455 6719 1142 2757 4054 6054 5630 4928 1463 4849 821 3081 7192 7856 4422 362 5392 
28 3249 1788 9887 6879 6973 5224 1004 2536 9986 3234 2071 4204 8808 67 6951 7859 3137 6039 7070 7254 9496 8632 3135 818 3859 7731 265 9914 
29 681 8977 1964 9974 7957 232 3335 2313 4521 7671 8325 9173 92 9233 4488 8688 8217 7127 5139 935 1008 7017 9569 3687 3760 3024 2349 4866 5644 
31 2038 8399 7929 1275 7295 4716 1055 43 9107 2937 5429 7091 4519 258 2998 5198 8149 5072 6629 9400 9469 2754 2662 9137 5710 1277 8306 6929 5216 7471 2507 
27 6570 2711 9366 5740 4123 4165 4942 8673 6218 7709 9983 9218 7459 7118 3271 6895 2379 9867 7959 7821 4102 4744 8633 4681 509 3868 7502 
26 327 726 3312 5534 2353 5052 8569 7541 7680 9056 452 2859 9024 9232 2484 180 9509 599 3000 5788 3002 1811 8247 378 5551 4659 
29 9351 5160 2297 3878 2205 1560 8530 7865 4350 9675 8783 2547 9089 5108 157 4340 7676 5495 9706 5078 5866 1658 5709 1815 4381 6932 467 3468 4014 
25 701 5721 5997 9621 8162 8992 5353 5639 2289 670 9126 4679 1723 2704 6924 8843 247 5444 8340 7977 77 4346 1079 6722 6017 
27 1826 4170 8592 6416 8540 8697 1677 5435 2334 4724 6268 9970 4435 6460 8899 2404 2237 5577 9681 3961 1640 3569 6131 8806 1297 7968 3956 
25 3592 994 9166 4503 3867 5658 5896 1243 1302 8486 2122 3147 1853 4414 8480 6020 7956 1561 7113 2529 3946 251 6136 340 8268 
30 7674 9361 7648 7384 1597 7177 1373 1414 5763 3986 8552 5230 533 8908 7385 5648 5248 8158 8367 6199 9532 5929 9210 6659 44 2088 9748 7470 3106 647 
28 5835 286 8166 7689 3844 338 9678 167 9172 1882 9006 4929 6454 7404 3464 3568 7893 2508 2315 9011 1231 1159 5172 7501 8685 3664 7422 7134 
32 4115 1143 8896 5608 2332 6482 170 397 1203 1258 1477 9317 5906 933 4316 5766 6388 909 4199 7733 4305 8692 4173 2905 8576 6305 7029 4881 3334 3071 7348 3810 
36 586 8299 1492 6796 2482 3612 1575 4530 3804 674 4465 4630 1693 2260 54 8661 198 922 9299 3250 5295 2975 9922 3394 6346 1755 8275 8951 9536 4039 2990 8219 6447 5897 8360 1868 
29 3440 7337 9538 2604 5669 9139 3744 7086 8417 5739 4306 1564 8769 5451 5135 3747 5746 2432 6807 5614 2750 1324 4409 464 4584 1975 8402 7775 9895 
29 1408 8415 1422 6995 62 2154 3103 9954 6872 391 7032 8222 2610 1933 4343 9996 9214 2593 5252 8138 5362 562 9603 7714 5527 8244 2306 2149 2451 
29 7782 7720 3856 5136 7636 8438 3295 5258 675 1344 8741 2281 7753 8562 7443 4930 9694 5048 1458 3674 244 9807 2861 2363 6076 9582 3457 2123 1690 
35 4182 3611 94 8364 4870 2756 2126 2569 2608 6902 1525 5861 2802 9110 353 2826 5874 8482 1963 9552 3672 1057 9040 226 3754 1510 8676 6101 8302 1254 9253 2959 6960 2556 1911 
27 7277 9740 1893 6093 5298 2519 3667 9461 9990 2243 7942 8821 3094 5839 7378 5880 2806 774 9566 3053 4907 3438 6366 1227 145 9882 7936 
33 8044 2803 1956 2000 3643 5448 1787 9394 6389 1326 5983 7645 223 3435 7025 1706 4027 7365 1743 1065 6923 8863 8521 459 6499 3800 2514 2448 5491 2911 9786 6969 63 
32 3155 275 6888 1756 9752 515 8410 9648 8249 8316 51 5474 168 7122 5427 8436 9453 3939 5531 9487 2402 7786 6031 622 6774 6909 7810 390 5918 2431 1212 8629 
28 306 9791 7395 3333 2963 404 5726 8958 2832 5440 2416 9135 2666 1461 86 1950 6678 3255 9429 260 6913 1979 2471 5518 8994 9099 4940 1099 
31 8078 7613 8568 9075 8566 4560 8074 4408 1994 8564 9437 2680 2274 6472 4028 123 1490 4813 7018 9424 8242 1351 8827 4330 269 9657 3995 9524 9517 5928 3876 
25 8858 5984 7011 6748 3009 4278 1639 8022 1433 7401 5121 7284 3314 6721 4424 5643 8758 7479 2449 2676 162 2503 3014 574 8978 
35 8544 3247 4122 5237 5855 7728 7361 3040 3905 3215 2280 8878 334 4835 259 2534 337 5695 4103 2321 4359 5754 6568 7814 242 8252 2784 8940 3559 616 8895 4890 1106 6164 3232 
28 3873 5130 2090 5041 4481 7244 9129 1282 6215 6547 980 9870 5547 9839 5063 3251 4177 2462 9534 8098 4863 3497 5300 5408 9320 2810 6246 582 
29 9601 3128 8919 2195 4628 6618 3669 4550 1354 9149 9818 9720 4153 3134 5664 3920 3574 5688 3419 9144 5891 2628 3572 7987 3098 6867 1428 2902 6157 
30 3216 4989 9992 5185 9130 4050 5360 4788 8790 3489 793 8262 204 7743 9281 2148 3926 8140 7556 3895 3325 6458 4816 1966 186 4366 8845 6762 8945 7911 
30 3491 6200 8356 7219 4976 171 1412 8263 5159 1269 1423 3127 7809 1936 1517 4421 7353 8921 6527 6736 8825 7170 579 6560 2812 2093 2999 4339 1778 5486 
28 1579 5388 4433 8875 2252 2747 215 9915 2346 3465 7024 7328 9228 7104 947 6953 9709 7285 8563 3787 3577 9572 1281 2866 2189 2273 1136 9782 
31 4523 9446 910 6819 5349 7351 5714 590 311 4938 6015 4945 6954 9072 3095 6457 1391 1616 4438 5242 3125 8113 3017 8735 8010 1686 4608 1333 1446 2814 6806 
29 4119 7179 9743 6664 2 9120 7430 3625 3480 4562 7419 569 5699 5833 3657 1382 6962 3880 4499 2827 6067 3023 2160 3688 7154 7788 4872 7934 3048 
33 2586 8121 6992 6155 8841 4622 8266 1794 8679 1797 6263 2943 3982 6701 2428 1905 7199 4146 4033 6617 4812 1230 4198 8405 5339 217 372 3713 218 7518 7156 9152 4977 
25 9180 128 1100 5263 9629 4828 8848 5133 7811 8755 1128 4578 9823 386 4493 5640 8016 776 8430 7892 5091 1958 3522 7004 8412 
29 3831 9568 5898 8049 1241 1441 5351 3203 4457 1089 3989 70 2188 6486 8842 3441 803 6739 3737 2362 6691 5111 898 4721 6832 2105 8918 1345 3143 
29 3766 7901 4794 9695 9699 9454 8651 8634 4621 5253 3532 4736 4062 8602 6586 6354 6763 1829 3853 5081 8291 5641 9132 8531 7902 1061 2264 1739 3285 
31 1813 8447 8678 4068 7982 2930 3411 1095 8375 435 2525 8025 4873 2589 2657 7146 9673 9794 1886 5651 1931 9758 3282 8508 9374 6501 6086 8712 9188 9109 7577 
25 3709 7175 4944 5668 1631 2920 5376 4874 2562 7390 8655 1215 9222 7099 2475 2727 3329 7325 8580 5684 8742 4061 9535 7568 7326 
30 1999 3235 7793 9251 3907 1604 3091 2410 4003 7131 8832 609 8864 2464 6147 3677 6079 6326 5060 6035 725 6391 8451 8323 7923 5466 5678 1638 5717 4131 
31 3922 1424 2557 8118 3172 2239 9549 6566 2591 2337 6550 4691 3166 3925 2040 6098 6298 2114 2342 8175 7626 8034 875 1949 9061 7601 2819 9422 368 9724 7162 
30 577 3581 6600 49 1429 3291 684 541 2142 8627 1248 7466 8976 6429 7363 4365 4129 4070 5853 433 8136 1570 3910 3426 7616 3041 3653 2789 7806 4771 
26 8786 2241 5247 4777 8234 930 7239 5424 2158 5293 4833 1557 2017 643 7844 4700 8310 326 6270 3725 4790 6838 7738 4479 2400 5836 
29 6042 1468 1805 5895 9268 1969 6634 150 5748 9274 3494 76 8538 3010 8787 1673 1578 6759 6555 1335 6903 6254 2302 9978 6916 860 3901 7153 4171 
30 7653 90 7397 8286 8885 3733 4076 6703 8687 7703 9254 7355 239 5367 8650 6166 9598 5810 2700 2898 8212 9682 2619 9348 5158 3848 6907 1393 3101 224 
24 8424 4949 256 3278 4126 2221 956 5838 2725 359 1126 9763 700 5731 8972 645 6649 5697 7250 9377 2612 5536 8011 8539 
31 3875 5703 4060 5751 2752 5868 4858 2021 219 3774 5175 3484 2808 4892 3321 5820 5842 4378 7912 4596 7624 6019 1478 6536 6158 543 50 9878 1486 6161 277 
32 526 4303 1040 2954 7752 4006 4715 2212 2167 5619 4673 975 9499 8358 4375 798 1319 3771 1146 7238 6384 9928 1748 2127 9146 6848 8777 2718 621 1010 9018 6135 
26 1808 3632 1590 273 3122 792 484 9442 1708 9750 2314 8762 5565 7622 6400 5419 4763 4133 4211 29 1018 485 3943 3311 6266 8670 
31 9413 3265 1752 280 4796 2649 915 5826 4639 2258 3300 2242 2574 1810 1349 9029 9365 3011 7233 8087 6334 5331 1426 2222 8157 9602 5402 262 5882 8272 6732 
27 5014 2864 9756 9128 4400 221 8594 2531 358 8391 5412 2325 1972 9672 5346 9292 9647 4786 5335 3413 4209 1995 427 8880 9573 6865 2980 
27 42 8039 8472 8207 4458 6102 4314 2868 2794 5570 9339 8511 9921 2184 6882 7989 4713 1662 7013 1858 8671 748 1843 142 235 1288 5638 
33 1717 5354 3181 3735 2479 375 9096 1689 5875 6944 1028 5659 5530 8147 1889 6814 510 3446 361 7750 4693 1720 4301 3097 7819 8635 2865 809 2498 5937 2901 5033 5255 
24 9168 9960 4349 1768 3618 5520 132 7960 4079 3742 8284 8907 6253 3470 3013 2047 9965 1381 3066 2398 6360 8830 3467 3021 
32 8220 9246 548 4239 2048 1558 6421 8072 908 851 6553 3545 1431 2116 832 2560 6450 9196 6930 834 7225 4649 1334 4234 4324 6260 6011 1705 8070 4516 9556 2504 
29 9049 8128 1113 1862 9751 6657 7605 745 4247 7767 3553 5488 4132 2811 3054 5373 5409 4970 9156 6958 7646 9105 5414 6771 7197 8554 4461 2804 7690 
29 3387 8183 9470 5153 6000 9773 8012 3297 7369 8641 4885 8206 8944 878 4823 2900 4617 8942 6850 759 9512 3230 1274 8287 5812 7413 8776 5562 4087 
28 7418 3288 7096 3051 3598 6718 606 2774 2477 5975 4579 9862 387 1968 6451 4614 4164 967 1357 3206 5025 3483 9523 9065 566 1634 7900 2143 
31 9159 3209 4236 8657 9787 3992 6922 4817 7087 8831 106 409 2892 546 7935 6456 6993 1726 8990 8129 8414 2022 1970 2089 8811 2938 415 5398 6068 9991 1635 
31 4078 1271 5914 5829 9489 8494 1707 5911 5935 1360 5601 648 1799 4428 7308 8015 6044 7276 9668 5827 7673 613 6487 4860 9639 1232 4036 3729 8060 9003 655 
32 175 8205 3149 8282 4834 3036 5201 9795 6652 685 6277 2646 5533 2935 4295 4098 2010 4855 6540 1050 3740 9587 4868 1180 1475 9318 3655 9977 7517 3197 1071 5991 
33 6423 929 8383 7222 1339 4214 1926 6516 738 9571 5146 6630 9548 7554 907 6809 2682 914 112 9551 1940 9834 6467 6316 1328 1974 6797 6833 8018 6755 9383 6240 1665 
27 8995 4766 1067 6150 5182 9825 1542 9622 3170 5315 8700 8369 2120 8278 1552 1571 5755 2492 5655 4781 3358 4505 2054 9023 6673 4685 6730 
27 207 1285 3932 3582 3050 3238 9892 1485 3388 7950 1585 249 3944 96 5212 1903 4668 1696 137 9623 8112 5946 5261 6660 4224 2585 5681 
35 4935 9858 4260 3171 9104 7516 8445 2137 5522 1865 3619 901 420 5802 3785 3313 7336 6224 1261 8109 4312 8223 7206 6387 9511 9319 8173 9503 7139 9201 8802 4631 2626 2357 9349 
27 9014 4801 436 26 6092 1325 2147 8991 6274 3908 7039 5124 567 5840 4598 5378 6758 1732 2684 4991 6243 6840 2694 3196 6883 9431 8392 
28 2851 6227 8654 8143 8400 2769 1715 1547 5138 530 615 4941 2316 5152 4230 5546 7221 1780 2665 8403 3140 2543 3749 542 7019 8953 6647 6625 
30 102 4805 563 2472 5151 2057 4015 3544 4055 8309 4243 1166 7560 9651 9158 6846 8773 4143 7447 4670 944 5902 9225 8905 632 889 2248 127 3218 2582 
31 78 1846 1746 2524 9966 7976 2323 9165 4722 6057 2728 1620 974 3229 6989 2986 189 1721 1457 9810 2972 9345 4837 3395 1814 9472 1506 2751 2170 7194 7540 
37 4768 2830 5324 5865 874 7742 7579 4152 5102 6794 7065 5157 9975 8518 7046 465 3565 6918 4456 7884 7739 3401 2527 5268 5394 6877 4162 3776 9199 6803 6641 4426 8243 9170 8893 2467 1268 
34 7584 7047 6785 7581 5400 2049 1293 9537 1151 2797 7916 1516 7423 2977 1847 376 9707 9876 8982 5627 8720 5989 7141 8997 3969 9333 1633 9221 3988 1464 3645 7947 7756 7364 
30 9888 1187 6931 3640 676 7773 2359 7375 7201 9533 1657 1219 833 4564 4179 3199 4420 1135 2372 2292 7964 6528 3900 9486 5765 4196 205 6823 7460 4644 
24 9435 1573 2351 5476 850 4200 3755 2468 2450 6300 5366 1908 4382 522 2225 7898 6083 1343 3223 823 9774 2670 4540 3436 
29 2209 2648 9248 8177 5529 1860 7650 4302 690 5596 7483 1532 7816 5083 8639 3390 9570 2631 2411 9981 3089 5288 7862 9450 5386 3226 2807 6598 1177 
30 1574 7205 7494 487 6363 1197 3680 6049 7988 1012 9415 8211 5350 9250 1621 838 1173 1495 9920 3732 6349 2356 8449 4848 983 990 9765 4063 2565 7341 
29 4189 3384 698 5881 1053 443 1133 8281 9665 2908 356 597 2552 8677 6648 331 7588 8630 1632 840 7041 4308 3294 8648 1538 5459 5471 6435 202 
31 8946 3240 1196 5475 4808 9956 813 9121 5163 3904 468 5142 8573 7873 2262 3806 3941 6433 8051 8401 5098 6476 5087 4216 5437 783 4984 9064 6217 9555 4916 
29 934 5535 2069 3950 9520 1923 7607 704 320 5759 135 3794 7536 7275 5404 2825 5854 7953 1763 4924 7547 8075 5776 3842 1939 5548 9452 3913 2494 
29 7426 8545 6046 4195 6348 4304 1932 2176 3608 5501 6590 8352 604 5519 3886 5590 5825 2128 3337 8785 6662 2377 2796 2104 5787 1369 1672 341 6051 
24 9189 6683 6402 2140 5086 9356 6859 6854 1609 1919 8536 1068 8221 7563 549 1234 1859 828 6141 7342 1820 9463 7926 6906 
28 1141 4049 553 5886 659 1398 4096 2136 9338 5100 4374 6651 2076 4410 4045 1507 4633 7515 4623 5957 2723 6132 5203 6355 1449 8228 5029 2659 
28 6229 4662 4397 7448 1909 2384 7986 3323 2201 6519 6522 9554 9420 4344 412 5540 9409 2110 9426 4085 1591 7940 7269 5728 6059 9828 8619 7264 
28 3153 7229 2550 9868 8850 7969 2755 653 721 8454 4953 5074 5137 382 2060 4727 3790 9316 5762 5873 2177 2976 5593 3958 1928 3472 4097 7368 
31 4466 8453 2996 3533 7173 1264 1521 6105 3558 6236 5343 2897 5219 4423 3175 3888 6991 9560 1161 414 444 246 7446 1722 9379 1857 4490 8100 3959 8236 3444 
28 4052 4759 773 182 3322 6910 2815 5307 2637 8828 9059 4163 1526 3488 3685 99 3370 4035 2596 4876 712 5719 5173 4138 1270 1954 8314 5193 
31 1048 7574 3534 5128 8699 9816 8108 8257 1750 8793 6364 2373 9910 38 5291 4100 1103 1598 815 7836 2929 500 4441 827 7420 7567 2884 2311 3906 7996 9741 
28 2805 9662 8134 1675 7980 1760 8834 2744 2983 4388 7062 5550 4749 5075 1832 9507 9103 3432 3357 2605 3864 3676 9948 3084 4993 1454 5231 1001 
35 3423 7760 2146 5557 5967 5564 3762 5585 1907 5637 4358 2303 7330 6188 6357 3670 4127 8691 7702 2540 30 5199 7578 9266 7350 4439 890 1110 1470 8708 8061 2737 2441 4962 2367 
29 6950 839 5966 961 5171 8693 5783 7464 6994 9231 9270 2030 4047 7267 8509 7493 1819 1169 1195 5733 5179 885 6619 7505 6901 3328 7861 6149 6952 
29 5919 5326 3361 554 2005 6474 6966 1904 9658 2457 2735 5701 5428 6728 1406 8578 999 7808 4911 4826 9234 5722 7665 4705 2627 6637 5317 282 5269 
30 1572 5383 2916 40 7707 9033 3703 1770 7592 7045 7036 9780 2833 4180 6873 4839 4470 5123 9897 9578 6165 7920 4484 8772 2553 2926 6972 3349 3580 6632 
27 6392 1060 3630 6382 7485 393 3439 4263 5055 1986 4544 8335 2390 2944 559 4955 2224 3261 8 2764 6661 6317 2776 9100 845 9643 2388 
33 4960 6597 227 7331 1499 2395 5416 7721 970 1944 4044 6606 1899 1695 1280 9464 782 9877 4125 5013 3162 4778 104 7945 423 6899 3930 5549 4518 7424 1596 5666 9600 
28 8097 8267 6330 1531 4937 817 5144 6686 689 4647 3298 7939 6176 1063 982 9419 6343 6604 348 7971 867 5544 5358 5571 1279 1263 2217 4576 
25 9371 2795 9646 6275 9241 4385 9531 3683 1207 8330 7531 1618 6115 6646 8601 3073 923 463 3597 6986 6239 1937 4840 5372 3829 
27 1769 5097 5528 7183 6756 9219 4001 9467 5857 3326 8541 9973 7188 2720 8185 7053 3512 4610 7357 4245 6702 3424 737 6153 2487 696 1793 
33 152 3075 6257 5195 6790 3139 1985 5478 7840 9451 4483 21 5592 2760 9051 6352 406 2204 3525 4750 2173 2420 176 6095 1455 6455 3257 7717 7050 617 1327 1399 8932 
29 660 3782 9447 2418 2715 5566 4867 6731 8000 4229 5035 1206 5347 6996 9712 6904 5924 9066 8300 1084 8048 6880 114 2732 5101 3547 6496 6587 3634 
30 6808 4390 4507 8851 3696 5313 3347 5188 9350 2601 3105 6914 4002 7860 1409 2341 248 1733 6514 1703 3538 267 9950 2454 5629 3938 677 3451 4556 8265 
29 4071 4568 2858 7442 7952 9494 3830 8581 8588 4726 4591 5852 2645 1413 1054 6977 8519 7231 9102 8301 8467 6517 2374 2109 7125 5285 8585 2561 4539 
29 6424 625 5756 1818 2305 1417 1961 6822 1784 194 6160 1218 3364 4582 8844 1667 214 6180 4094 8313 6058 4982 3626 18 4820 8743 836 4963 819 
27 5057 8546 9764 7639 5903 3579 7638 7084 4415 7176 1342 7927 790 4281 1085 231 639 222 3728 5094 7562 9335 486 5609 4708 537 6090 
30 1587 5233 6154 7475 1520 2906 6710 5396 1895 230 2654 7059 7237 8094 1482 7033 9047 5741 3043 2447 7848 9195 8086 1388 9819 3752 9633 3607 8167 977 
31 5046 1595 4773 271 108 7060 9224 7279 1421 6869 7349 3299 4444 7597 6609 6705 4515 5761 1866 8226 354 2271 8397 9265 8474 8770 1119 1655 9094 8805 1289 
27 8849 3877 811 4543 1140 7985 6868 6551 9078 5222 8499 8734 4601 1892 713 6607 2690 2473 8181 4624 5359 1287 6013 8750 1211 126 3517 
26 9111 3827 702 2169 6123 6427 6978 1193 6412 83 6386 5962 5943 2714 4557 2702 9009 6934 8789 2282 4008 8522 7746 5344 4586 8114 
32 13 596 6168 6620 73 7016 5303 7660 1310 400 5322 6138 9412 5818 9769 6406 8329 5775 7909 101 2181 4404 8054 8452 5888 6489 7461 9032 4954 6524 7399 1235 
28 6197 9136 2554 1556 6871 1737 82 2840 7299 9880 5090 3835 7771 9952 3454 4379 8446 1894 325 5554 9985 4528 9004 1981 7396 9863 4592 3381 
28 4764 1062 2152 3524 7259 9803 5079 7347 7163 7195 4906 7701 6670 183 6466 7975 3007 6775 7573 5620 3750 9550 8202 4999 4666 8660 4135 3116 
31 7937 2156 4671 612 8781 7026 3898 8884 740 4116 9808 1032 7727 1214 2235 6471 3028 4120 367 274 5484 4653 3466 1775 317 195 6631 4287 852 2296 9604 
34 9714 6791 6890 6234 2633 1430 7679 7327 4969 6205 3185 4500 9919 4774 8296 228 1761 4779 3211 4883 9169 3714 6381 658 3658 1202 2434 8032 859 6709 3092 578 4791 9481 
32 4974 8085 5049 9732 9606 1442 9627 3266 2992 2771 7405 7629 8159 6585 8963 5202 2151 9483 9998 8608 2871 5283 8382 6209 2360 8747 6506 2008 9829 3080 6014 2107 
29 3590 9288 1822 2085 4495 7891 5512 5278 9308 8877 644 2397 600 2632 5800 4555 6628 1190 9473 8361 4537 1527 2285 7121 3979 3404 7978 7049 2518 
28 602 3505 9635 6935 3410 9980 3346 3745 9203 9889 4019 9664 7620 8761 6072 9430 5806 2792 5672 8459 9171 5623 4772 2115 7551 7280 4502 697 
28 9321 159 7015 4650 8250 5542 9302 3151 1821 4110 7876 1493 3955 4074 2165 4258 6594 9525 1450 5931 1476 7263 3712 6911 1800 9788 5970 2994 
28 4141 9826 68 2940 5244 7668 8609 5506 6312 1011 972 5803 3622 4276 1272 1088 1581 3738 3270 4121 9608 8818 5819 7542 8218 6008 9071 8715 
26 7576 1568 1035 8026 421 6444 3716 2138 7777 6615 9883 4520 7409 384 1044 1097 7344 4335 7570 1901 708 7220 9576 396 8774 6279 
29 570 6982 8339 5917 9984 2013 8798 9943 9314 7580 3791 7282 2685 8254 4819 1973 1624 4894 3397 5892 942 894 7411 7804 2616 5948 4257 6061 6835 
32 962 656 5965 7922 5483 9416 2394 1740 2782 4566 9133 2161 3158 4262 9835 5327 5352 6908 9959 379 5239 8702 7684 2974 4154 7465 695 374 4412 7002 7747 8311 
26 7883 9213 8927 477 4718 996 4325 7415 1435 2643 6213 3502 1094 9624 8259 705 8161 9574 3070 826 3998 4020 448 1678 5361 1773 
28 4065 1660 8948 9336 5462 4217 2350 9263 9546 3647 5084 6331 532 1724 7928 2818 3543 430 9326 8420 992 2515 7599 6290 9905 9766 1323 9841 
31 5465 1125 9820 9202 1670 8324 6912 7538 8478 7374 4898 5442 4081 8489 8095 7126 1511 5340 3142 6219 3736 767 6109 6080 2074 5599 7052 7521 4437 6404 124 
25 7633 5939 4327 8949 4655 1131 7598 3192 789 3379 9815 9332 4547 9844 5956 4525 5389 6232 9663 6401 5576 1877 7930 5473 9418 
33 7662 5030 3452 3972 8586 1772 3064 1863 4192 3443 8645 2318 1074 7243 4869 403 2082 3063 3896 6226 6905 8757 4399 2580 9275 9369 3154 1790 5864 4580 8024 5591 9969 
32 8099 7487 6461 9352 2860 5724 4486 8093 7054 1730 7078 7400 5411 680 6228 2872 6146 6965 9676 4285 8354 757 2421 9181 4593 1237 6222 7770 5621 4419 2528 8799 
30 9488 9054 4066 1066 7698 3405 4887 7751 6738 2542 7765 2763 140 7549 2973 7130 3692 5040 7236 8495 9641 1844 6592 3699 1731 573 3207 1313 1397 1154 
35 4753 5370 3860 8669 1247 4797 498 6864 1758 629 4694 7526 7392 2788 2924 9127 5905 5817 2683 3102 2216 1910 1702 4333 9245 8427 8852 7683 1474 9698 4352 8290 4256 9343 3595 
26 7914 2766 9443 8983 2253 6255 9407 7278 2001 4818 911 9490 8560 1070 5662 8028 2521 9237 7716 401 3980 1374 843 4832 6663 6172 
35 8346 9038 5794 3951 9640 7790 2144 971 4282 2238 2027 9178 5068 3055 1880 858 2739 6698 7795 3576 4496 650 3885 1480 657 4233 5995 8719 4783 6325 8110 1943 3931 5374 6596 
35 7148 4830 2698 6610 3476 8714 3757 8381 1245 4205 7869 7455 7651 5384 2891 5281 1262 3382 8490 775 5236 508 3967 1384 7204 1646 8326 5217 5232 3727 426 5256 1295 3059 5690 
28 3363 8404 9957 3339 3659 7232 2218 6395 7675 2403 1370 4489 8505 7213 71 4546 57 9595 8960 4509 8571 9896 8524 7311 4242 1716 2523 2544 
29 4322 816 4765 2506 7147 8500 216 9939 7317 261 1120 7670 2651 709 3463 618 5399 1563 5778 9271 3739 4267 8527 344 6002 5685 5712 2530 2267 
25 7427 6214 4169 6961 2768 8293 5170 6752 8460 5369 2867 8294 1870 8124 7630 4453 2366 1922 7687 4468 3354 9347 7537 6898 9982 
29 4804 3562 3693 4717 1448 4250 3851 7467 7489 8322 4174 1290 4178 7830 7877 8989 2077 6539 5174 2299 9088 6004 2773 7145 7659 6289 9476 9388 9330 
33 5777 1599 7297 5336 7529 1835 9484 3557 6753 5058 7915 9848 9851 5508 2011 5200 1046 6741 3723 3753 4843 2118 1366 6777 4972 5469 6297 9399 4362 4416 5926 5042 2630 
30 746 1539 766 6699 4957 8833 4227 4323 3486 9725 3882 6163 2624 8794 3515 4952 6378 2014 9381 6365 2564 299 8626 8817 4810 8716 661 3649 4058 98 
30 4852 1364 8073 8052 5308 9625 2024 6267 1735 4190 7815 7785 9187 8925 3786 2283 6111 4737 100 3244 8208 3788 959 8344 9620 7991 8195 8443 6121 6216 
34 654 8724 6557 4392 5209 665 6177 3391 7974 9235 1411 5969 7334 4136 8448 9458 2551 4368 1171 5652 8599 8425 2246 1619 1006 4606 9402 1586 8647 8606 5764 7970 2345 3529 
27 138 1512 4994 7798 2914 4104 3573 7993 6711 8189 8665 1321 4918 475 6438 3535 7783 6525 7565 7480 5017 6339 5809 6029 4923 7260 2084 
31 1965 2847 9460 6475 663 5082 3242 4734 1167 902 2947 4497 9704 1034 1144 133 4161 2982 4332 3641 6104 1803 9479 1183 88 4702 4841 2620 4111 3570 7649 
25 9543 3968 3991 7120 9754 589 3731 9599 2435 8289 594 8931 3981 2800 9264 7994 355 7098 7303 7169 3948 2478 24 1533 2879 
33 1577 27 5653 3914 1175 3536 5683 941 5228 8506 1121 1692 6210 2656 3795 8426 1314 580 1249 270 4080 7778 8461 8537 9846 3935 3591 4075 1311 547 6533 4643 7215 
28 8057 8653 3551 6578 8952 1976 5598 2358 4739 4252 1804 3770 3212 2412 1459 5093 8901 8926 3499 7273 9528 1992 6886 932 8058 491 1875 4275 
30 9988 3496 8523 9632 7845 5912 8285 9762 4348 734 7906 1292 9249 1661 5972 14 5287 1341 1338 6839 4663 668 5243 7512 6335 2885 2275 371 9403 8180 
28 2265 1831 9117 3937 5310 9273 7185 7870 9781 1317 2009 5297 9908 8115 7656 1736 193 5056 8900 7023 2208 1432 8163 1997 2063 4517 3962 8784 
31 1386 3720 5595 8227 3919 4926 4186 8766 8968 3651 5887 3678 3813 1643 6434 8512 7586 9283 5622 6492 3552 905 5750 4731 9938 366 4038 2537 8305 7772 5561 
34 1109 8372 5149 2330 8003 2399 9079 571 8050 8389 3018 2522 2946 5768 8752 2743 7882 95 3869 2307 8056 3690 2958 5264 8127 2336 1017 2211 6159 5032 1184 518 7021 7527 
28 2378 9360 7402 4476 3318 6112 7111 8974 6707 2548 1796 5848 5132 5732 920 8867 4836 7963 155 4041 7360 3214 9285 8959 1522 9015 5240 4678 
29 3123 9688 8440 5973 3575 6623 9884 5117 2036 343 5670 5296 6584 3398 2052 4992 7792 9256 5718 2130 3047 3378 7398 5807 5575 1714 9904 6142 3504 
25 2672 8432 9804 9175 2746 4553 9238 2247 8123 642 3449 2015 8288 1906 8233 9518 5338 4755 7897 9069 8567 1316 4619 8240 1864 
25 5500 1030 2496 3119 417 7867 4636 4597 3887 1749 5661 8345 3974 8871 1713 514 7813 6443 5047 8998 296 8706 3717 5543 4345 
31 2417 6347 4896 6030 4910 3118 3949 5446 4745 1301 6069 9526 3490 5162 3849 7948 8422 4549 461 8419 4853 4142 8101 4462 4741 4884 3661 9001 1607 4965 3006 
32 8709 2765 6671 2855 7358 3380 53 3001 8463 2679 431 7190 3506 584 7340 3003 1308 758 5541 3085 524 591 864 2081 4675 4613 8690 149 4877 9615 2809 9212 
36 5062 474 1191 8969 8503 1152 6681 8046 2375 7028 926 8840 1427 1792 3850 360 1747 6187 1642 1498 4277 6530 5642 9262 8496 7535 3509 1782 4485 8088 3459 399 172 5054 9650 6173 
27 1641 3775 1014 5632 8327 1123 9961 365 2409 8182 9690 545 8814 7114 7564 4645 1224 4056 1043 9521 9610 7967 4927 2203 9723 2386 3107 
34 8551 862 8590 4754 1407 4455 7519 4248 408 1093 3019 6309 9853 6535 4370 9260 2062 9057 394 3585 8667 8336 5899 4609 5708 1569 7657 880 7306 2731 2268 3074 8548 4707 
30 4077 9440 9243 330 276 5696 8418 4627 6744 5490 7522 3563 3269 4862 9091 6545 6396 4893 1565 4618 3600 118 2978 9886 717 3663 3589 946 4901 960 
26 7324 3198 534 6250 9612 6676 4950 1602 3340 6033 6178 6601 5330 7058 169 611 255 2886 5043 4842 6193 7736 8672 9563 5844 6842 
27 4398 4494 810 60 4587 4730 7691 185 7356 1082 7068 3368 7696 6156 9830 5884 3594 4879 853 4536 8280 3542 7289 6667 7435 5779 5877 
31 666 2091 2202 2442 1037 5226 5251 5 3267 8442 107 4589 8680 323 4665 4533 2124 345 998 3971 1656 6140 2787 8359 5019 6103 8533 6169 6332 6843 9154 
32 3511 8579 9031 1186 8063 6876 6658 4377 190 2511 6820 4266 55 6892 3609 2424 4538 3639 5154 8041 5150 8379 8312 9638 3133 5792 2987 9667 4271 5774 788 5517 
23 3815 1764 3104 3911 4607 3847 8076 6847 8623 1352 2759 3418 7248 1502 6792 4770 151 2162 1841 4895 6094 6639 2681 
30 6603 9328 4634 7216 9591 6563 9772 81 2748 1759 1104 3286 1371 1489 4425 8338 5270 4656 5001 9567 6949 727 1500 5981 7376 4664 7261 1991 7885 1921 
31 2182 2381 7539 4909 3707 1260 9874 9504 6990 4048 1259 3508 753 322 2878 9902 8550 7069 1606 8029 1955 8869 28 7140 2588 9034 2834 8317 5489 8583 6588 
32 4760 7313 23 9200 3316 4 6815 4391 6262 2745 9457 5406 1081 6225 3310 3778 2348 9666 302 9749 8947 8457 5979 7497 1072 1362 6053 5907 4827 4714 503 6511 
28 445 957 7511 1896 450 8053 8954 1898 4487 2233 3144 4990 7076 116 1838 9547 6134 8373 263 3773 2455 7445 7119 181 3120 2291 4897 2423 
32 7828 9942 6463 8549 8368 3205 9395 4341 161 9502 9677 2465 1401 3152 9122 1122 4492 7889 5498 2941 1850 7507 6122 5992 5445 9291 5813 749 4947 3633 7178 1298 
31 3236 3665 2599 2573 4784 8937 6341 8239 4880 3078 8131 9368 2020 9216 924 7043 7692 9757 2200 6939 2045 5676 3964 1902 9206 5872 4959 8736 2532 9296 8194 
26 9282 6891 2563 4701 2640 8237 3348 9186 4577 3603 5405 4919 693 904 6724 8171 9875 6469 3843 6047 7339 25 8164 8792 4956 7492 
30 9925 3832 1348 7569 667 5516 5680 15 7800 4642 499 3724 3167 9529 2699 6063 1452 4280 5187 9046 272 3726 2284 3586 2427 641 9927 950 4747 85 
34 4473 8561 4246 1330 8513 9806 2841 9761 7488 7117 380 2846 718 84 4383 4612 8384 3983 1535 3978 7737 9295 6863 7051 2172 5663 4569 121 6415 3274 3719 4354 1315 6207 
28 5798 5645 3704 7309 9899 7715 6500 6369 1679 1683 8943 9247 6368 3317 2939 5758 3293 5186 1101 1514 5184 3841 442 8068 4981 7789 2213 7187 
25 9215 482 1437 1700 2430 5525 4975 8723 1402 5441 8775 6337 2903 66 7499 1741 7003 9783 1157 2437 8174 1967 2969 1993 5107 
28 6669 9727 528 8625 2966 238 8577 5822 7291 4882 2019 6836 6453 938 6315 2029 4405 9142 9843 3862 5814 2072 4411 4237 3305 9607 6405 6627 
32 2993 7256 2086 6425 1809 1588 6727 9315 437 6567 9375 5036 5249 9628 237 9008 3801 6743 4232 2692 507 2131 3445 7685 5143 9605 9686 9805 9113 2850 8819 8618 
29 7995 5325 2607 551 6889 7116 706 5682 9745 8911 5425 9979 9739 2724 4943 7044 3458 3837 4010 535 6247 7274 8763 8433 3450 637 966 9918 9255 
31 6845 5262 6497 8710 6117 4442 837 6027 7359 927 5749 4101 6948 3686 9081 1439 2653 4541 2988 3248 7582 2816 9926 5589 5996 2261 8658 8037 7474 8096 233 
36 1472 1817 8125 4259 416 2971 6283 1681 4307 771 4089 7981 565 4292 2100 8813 7990 5073 7682 918 5104 7196 8996 8319 8847 8186 9016 829 122 4427 8188 5521 7094 9505 7801 8092 
27 9155 5524 2583 1205 9073 3881 9585 6361 5312 5070 5304 4658 4430 7509 802 1613 2945 6124 1823 8662 8600 4968 7224 7602 8695 4699 2493 
28 3256 1824 6640 4480 4175 3741 6446 1064 2207 8055 8861 3798 3246 4317 7681 5385 8684 847 201 1534 5089 3627 5337 1209 9143 7214 6269 9192 
33 3145 724 4447 314 8017 736 422 2141 5999 9831 33 2687 848 5407 9562 5096 1102 3894 4776 6448 1567 884 5692 4987 3115 8738 3526 7128 5677 6577 65 3072 3159 
28 993 7566 5908 9967 7625 5125 3871 5821 7661 5781 1092 3131 1467 305 9734 5422 241 6127 3792 8881 4463 2405 5950 5736 2985 3957 2436 592 
25 9340 4807 5113 4535 3412 2018 6817 3195 2689 6574 5791 6915 3026 4373 9852 3928 7495 9493 9744 4912 4265 3015 3993 3279 6088 
26 558 6488 6980 1816 3350 4249 5020 164 8914 9737 1228 8106 8591 9287 1885 7924 2660 1394 5364 6281 8515 2721 5711 5507 5257 2783 
32 2452 3169 34 5031 9382 2664 3186 147 6409 9949 313 5311 8008 6367 3879 6945 9923 1840 7591 1684 4886 5893 5626 5656 6089 7287 4531 5849 1473 6038 7315 3708 
33 671 7794 5583 8080 3781 540 1745 9397 9708 3479 4356 4452 7468 4641 7610 3892 9179 3121 6811 4986 8675 585 2278 2695 3891 8429 7372 9849 6713 7508 6074 9799 5823 
28 4661 8644 7545 4878 4660 3679 7253 5181 8754 8620 4185 8876 9798 4782 2842 9824 1504 4328 3927 7425 8703 8664 7391 614 2533 5845 9645 2480 
35 4616 688 2713 2335 7251 2693 2042 1278 1239 4514 7878 4809 3604 8004 6690 5951 872 8558 428 1029 6624 9312 9021 1941 2259 945 6805 4729 1447 1112 2964 9962 3173 4548 6537 
23 2636 3492 5134 4966 6125 8328 4193 1676 3546 8611 2577 4761 2034 6518 5246 3638 9083 7827 3352 7453 1385 7593 4915 
27 7822 5837 457 6294 429 2293 6016 209 1802 6097 4040 8413 8892 4402 2675 3700 7431 8283 4299 7168 3564 7092 4449 9342 7807 2444 9478 
26 395 377 432 208 7022 36 8477 4440 9118 9207 4851 1052 9564 8210 1336 2453 3433 7083 4491 9468 2197 4407 3909 8416 561 8753 
22 8407 7186 9891 1890 489 9898 3430 9760 5106 3635 8038 2882 9683 4357 672 8021 7913 3593 6139 3239 9474 3202 
29 9872 6956 1312 8740 8297 3417 4677 7286 1127 3086 5509 6183 4667 5913 7962 7167 494 324 2625 2192 9226 6852 6327 9613 575 3816 9161 7559 6091 
28 6190 4107 9304 4144 3275 8897 4524 4145 7931 9500 5770 8435 5265 7888 6494 4654 9626 6957 7710 1041 7658 6782 1834 1378 6356 4973 4254 7555 
28 2823 2517 6928 9836 593 4005 2053 4117 2415 8150 8253 8604 1418 5720 7265 6362 4780 6853 6558 5165 4620 8902 6040 8935 8979 3345 2668 4418 
28 5552 6668 5069 479 1210 1659 8421 9183 8036 9363 4401 8231 9160 3096 3495 5730 8196 7585 5357 3252 3999 2579 699 7618 8197 501 1185 519 
31 1753 5944 9037 8971 7421 2876 3620 5796 703 5053 7847 9087 4168 8666 2967 2171 3108 8498 2113 2839 7093 2696 1090 4073 4000 10 6988 4268 2786 2791 5885 
34 6638 6001 7496 3324 1080 3671 795 6007 6874 363 7305 7082 3434 4090 866 369 9197 2231 2174 608 6734 9337 488 4939 5933 5039 7583 9865 453 5418 9995 6133 9163 4300 
29 8595 7132 8468 5345 4803 8872 6278 6485 2609 5496 8728 521 6552 2686 6757 3204 7040 9530 4806 6194 6825 2824 3369 9045 9164 2041 6542 9847 6656 
34 2652 750 7708 5941 6778 2933 873 1612 4387 2853 2843 6800 4504 6862 9618 7846 6665 2413 7919 9421 3897 2364 7510 4854 5363 4979 948 2844 1798 9542 4735 5667 7921 9827 
29 3233 2163 8027 2459 8471 5436 5229 3783 6128 22 6740 6795 4334 2426 3020 5332 1879 3034 2549 3684 7212 490 2023 5145 5225 6293 4228 7371 3555 
29 3902 1833 1925 9584 9227 2469 3373 7992 9719 5744 8320 4478 1767 6666 413 1320 6581 1453 7757 9513 1649 5563 7669 1628 2991 9020 7164 7817 1551 
29 601 8152 5213 2012 309 6554 2331 7142 925 4997 991 2857 9411 6772 4471 2125 2708 5003 7428 3485 6196 1019 1086 455 6377 3758 8187 1791 3952 
29 8315 8607 9930 8130 2578 9391 8865 1593 4454 2919 8466 7377 3356 1929 1494 9252 6861 1240 2270 3263 2997 1987 988 4012 5009 7544 6821 1367 6804 
29 9742 9417 3302 5333 4084 791 1299 9854 8988 1329 2948 7007 3819 568 264 8713 2226 9776 9017 5616 2688 8557 5932 876 634 240 8105 1738 8009 
31 9284 9696 1807 6445 627 1138 9989 9310 1549 943 9885 4888 332 715 3548 1915 2923 2033 1873 7102 9077 3376 1584 2112 7548 6855 1005 787 9642 8225 5227 
35 9211 5147 6687 5206 2304 2343 768 4948 4795 8201 6036 3243 9733 4652 8939 3812 8142 8378 5594 4321 7823 8082 7027 6900 786 6477 6733 11 5120 8955 6408 1626 5870 4512 722 
33 8090 4574 1842 5377 3953 158 6242 9229 3984 6162 1971 1307 5059 1861 628 664 1451 2326 6170 1789 5393 6689 6685 364 8342 9433 7486 3208 5215 2119 2895 3403 2661 
28 7609 804 5503 2365 8745 2767 4933 4983 6580 6212 4588 6824 3392 5869 7242 8886 1664 1828 985 1213 742 4859 349 8510 9557 940 7718 2678 
32 1466 8246 4501 5245 7694 8778 8613 7769 2106 1592 4395 4640 9425 2320 373 7802 2066 4985 3893 9217 5006 8534 8804 7366 8065 6583 2778 651 9030 5859 9404 5453 
1 5954 
